date,description,type,amount,balance
2025-09-20,Raise night type office apply.,CREDIT,370.41,9142.41
2025-09-20,Hour like security movie often condition simply.,DEBIT,117.86,9024.55
2025-09-20,Money view school.,DEBIT,28.78,8995.77
2025-09-20,Already certainly to find.,CREDIT,258.63,9254.4
2025-09-20,Benefit prevent manager fill child economic.,DEBIT,336.4,8918.0
2025-09-20,End amount nor wait card color TV unit.,DEBIT,66.46,8851.54
2025-09-20,Thing against born clearly wish away out.,DEBIT,118.18,8733.36
2025-09-20,Who trouble positive before reason.,CREDIT,484.9,9218.26
2025-09-20,College production article stay eat level would.,DEBIT,468.67,8749.59
2025-09-20,Act high fine traditional make others.,DEBIT,135.37,8614.22
2025-09-20,Training card choice avoid leave red through.,CREDIT,363.22,8977.44
2025-09-20,Class character either million public.,DEBIT,316.46,8660.98
2025-09-20,Reveal and case hair.,CREDIT,103.4,8764.38
2025-09-20,Present heart in else.,CREDIT,227.08,8991.46
2025-09-20,Star health responsibility nearly understand he.,CREDIT,452.29,9443.75
2025-09-20,Similar hour few this man town son nothing.,CREDIT,363.67,9807.42
2025-09-20,Establish build quality.,CREDIT,66.27,9873.69
2025-09-20,Reason clear involve see.,CREDIT,86.6,9960.29
2025-09-20,Rise resource price my now who white.,DEBIT,212.6,9747.69
2025-09-20,Room example long either million page wear.,DEBIT,254.43,9493.26
2025-09-20,Black college stop may laugh direction with.,CREDIT,133.02,9626.28
2025-09-20,Answer southern system sign.,DEBIT,250.25,9376.03
2025-09-20,Current gun indicate science.,CREDIT,298.3,9674.33
2025-09-20,Year responsibility man gun spend.,CREDIT,103.14,9777.47
2025-09-20,Process back natural let audience.,DEBIT,359.35,9418.12
2025-09-20,Operation sense result today response.,DEBIT,200.38,9217.74
2025-09-20,Woman school green treat. Organization head see.,DEBIT,199.02,9018.72
2025-09-20,Peace affect question yes rather.,DEBIT,74.95,8943.77
2025-09-20,However argue black small mission tend.,CREDIT,144.79,9088.56
2025-09-20,Drug quickly who force material.,DEBIT,395.57,8692.99
2025-09-20,Deep recently important much food event price.,CREDIT,186.83,8879.82
2025-09-20,Light reflect training answer court her.,CREDIT,193.57,9073.39
2025-09-20,Dream if provide soon.,DEBIT,402.61,8670.78
2025-09-20,Throw suddenly form.,CREDIT,262.61,8933.39
2025-09-20,Least type yourself suddenly air.,DEBIT,137.12,8796.27
2025-09-20,Almost walk particularly third they but.,CREDIT,290.62,9086.89
2025-09-20,Least choice give development.,DEBIT,328.18,8758.71
2025-09-20,Source understand city perhaps.,DEBIT,246.08,8512.63
2025-09-20,New once other suggest financial point different.,CREDIT,6.5,8519.13
2025-09-20,Republican again sign reality.,CREDIT,266.99,8786.12
2025-09-20,Sister first outside see later Mrs it production.,DEBIT,379.44,8406.68
2025-09-20,Do perhaps recently rule continue discussion lot.,CREDIT,93.55,8500.23
2025-09-20,Measure own spring fish boy.,DEBIT,282.68,8217.55
2025-09-20,Past firm provide generation subject later prove.,DEBIT,188.34,8029.21
2025-09-20,At yard recognize.,DEBIT,468.15,7561.06
2025-09-20,Assume prepare special box player.,CREDIT,140.63,7701.69
