date,description,type,amount,balance
2025-09-20,Cup somebody near through radio Democrat.,DEBIT,185.09,5740.91
2025-09-20,Work nearly important own turn.,CREDIT,166.51,5907.42
2025-09-20,Conference produce hotel poor produce.,DEBIT,336.11,5571.31
2025-09-20,Serve series record still skin military.,CREDIT,152.97,5724.28
2025-09-20,That yourself deep price whom beyond life.,CREDIT,398.06,6122.34
2025-09-20,Kind full move onto impact special.,CREDIT,147.96,6270.3
2025-09-20,Enjoy hear ok trade speech.,CREDIT,396.74,6667.04
2025-09-20,Face high early another.,CREDIT,396.06,7063.1
2025-09-20,Art over mention require floor memory window.,CREDIT,92.84,7155.94
2025-09-20,Main increase tell whose.,CREDIT,400.18,7556.12
2025-09-20,Seek green among charge itself every must.,DEBIT,370.68,7185.44
2025-09-20,Nice information feel summer impact protect.,CREDIT,49.05,7234.49
2025-09-20,Will assume support.,DEBIT,263.49,6971.0
2025-09-20,Cost dinner find gun our guy.,CREDIT,263.83,7234.83
2025-09-20,Exist serve near election reach.,CREDIT,237.01,7471.84
2025-09-20,Always debate compare get. Shake all word close.,DEBIT,368.9,7102.94
2025-09-20,Yet industry conference score.,CREDIT,233.63,7336.57
2025-09-20,Defense cell board process something item.,CREDIT,173.54,7510.11
2025-09-20,Cut room hot between fish true perhaps.,CREDIT,134.24,7644.35
2025-09-20,American face mother anyone color hard.,CREDIT,127.54,7771.89
2025-09-20,Science give whose source career high beat.,CREDIT,410.69,8182.58
2025-09-20,Rise economy form law.,DEBIT,419.86,7762.72
2025-09-20,Image mother scientist much arm guess.,CREDIT,496.63,8259.35
2025-09-20,Idea student fire.,CREDIT,421.27,8680.62
