date,description,type,amount,balance
2025-09-20,Hold future politics adult political.,CREDIT,424.97,2846.97
2025-09-20,Measure garden today suggest door.,CREDIT,43.66,2890.63
2025-09-20,Beautiful ask church parent place. On wait black.,DEBIT,179.55,2711.08
2025-09-20,Star can imagine father anyone.,DEBIT,236.34,2474.74
2025-09-20,Western ball think when build truth up consider.,CREDIT,178.7,2653.44
2025-09-20,Sign one every begin.,CREDIT,100.68,2754.12
2025-09-20,Station analysis ready road.,DEBIT,287.79,2466.33
2025-09-20,Series TV current. Really account police spend.,CREDIT,358.4,2824.73
2025-09-20,Serious total policy gas.,CREDIT,18.86,2843.59
2025-09-20,Kitchen resource news not size stop.,DEBIT,425.55,2418.04
2025-09-20,Community site specific chair increase.,CREDIT,365.04,2783.08
2025-09-20,Skin may short authority subject account sell.,DEBIT,10.71,2772.37
2025-09-20,Knowledge and stop imagine traditional direction.,CREDIT,376.41,3148.78
2025-09-20,Land part how front allow indicate.,CREDIT,22.69,3171.47
2025-09-20,Sometimes entire discover perhaps.,CREDIT,125.54,3297.01
2025-09-20,Education president own garden finally some.,CREDIT,316.67,3613.68
2025-09-20,Miss relationship hold fund window name.,DEBIT,172.41,3441.27
2025-09-20,Be commercial especially this significant rule.,DEBIT,396.41,3044.86
2025-09-20,Past stand see fine.,CREDIT,320.94,3365.8
2025-09-20,Develop want base. Hand radio source stand heavy.,CREDIT,432.45,3798.25
