date,description,type,amount,balance
2025-09-20,Stuff must our quickly.,DEBIT,270.85,8296.15
2025-09-20,Candidate artist win.,DEBIT,362.46,7933.69
2025-09-20,At firm company bad.,CREDIT,435.81,8369.5
2025-09-20,Fear under available down.,CREDIT,232.01,8601.51
2025-09-20,Around recognize manage only draw trial serious.,CREDIT,127.02,8728.53
2025-09-20,Window right sure fish thing explain.,CREDIT,416.18,9144.71
2025-09-20,Allow attorney future cut human pattern green.,CREDIT,65.13,9209.84
2025-09-20,End debate guy design.,DEBIT,162.03,9047.81
2025-09-20,Dream site memory phone.,CREDIT,258.87,9306.68
2025-09-20,Audience organization play size draw art.,CREDIT,453.19,9759.87
2025-09-20,Station even team left wear field service house.,DEBIT,258.32,9501.55
2025-09-20,Degree cover cell expert small.,CREDIT,49.73,9551.28
2025-09-20,Right less economic Mrs. Inside to who upon.,DEBIT,122.46,9428.82
2025-09-20,Around president phone safe.,DEBIT,276.88,9151.94
2025-09-20,In security quality national.,DEBIT,269.7,8882.24
2025-09-20,Actually west last gas particularly business.,CREDIT,469.68,9351.92
2025-09-20,Be cut range look current leave current.,DEBIT,433.8,8918.12
2025-09-20,Least response great run fire.,DEBIT,7.74,8910.38
2025-09-20,Yes else paper price political trade social.,DEBIT,155.8,8754.58
2025-09-20,Paper couple suggest outside mission policy rock.,CREDIT,269.87,9024.45
2025-09-20,Stay hospital sign away writer range but.,CREDIT,130.2,9154.65
2025-09-20,Stage professor eat laugh save.,CREDIT,445.43,9600.08
2025-09-20,End huge onto.,CREDIT,437.6,10037.68
2025-09-20,Old same present.,DEBIT,33.92,10003.76
2025-09-20,Involve enjoy heavy different.,DEBIT,438.99,9564.77
2025-09-20,Big clearly population benefit series life draw.,DEBIT,383.75,9181.02
2025-09-20,City just involve rate allow rise before travel.,CREDIT,103.94,9284.96
2025-09-20,Role fund senior final him strong.,CREDIT,226.83,9511.79
2025-09-20,Draw decision accept mean.,CREDIT,449.72,9961.51
2025-09-20,Whatever up call.,DEBIT,487.26,9474.25
2025-09-20,Determine manager door here gun color kind.,DEBIT,274.9,9199.35
2025-09-20,Hundred bring either standard.,CREDIT,55.42,9254.77
2025-09-20,Film gun travel number person no phone.,CREDIT,91.62,9346.39
2025-09-20,Who job industry or again. Each feel bar.,CREDIT,488.2,9834.59
2025-09-20,Market family significant cost approach.,CREDIT,272.74,10107.33
2025-09-20,Home line feel defense authority arm before.,CREDIT,133.92,10241.25
2025-09-20,May mother actually recognize present condition.,CREDIT,372.75,10614.0
2025-09-20,Mean type happy forget growth character too.,CREDIT,188.66,10802.66
2025-09-20,Finish music off particular fish.,CREDIT,253.64,11056.3
2025-09-20,Development piece couple training thus.,DEBIT,165.95,10890.35
2025-09-20,Imagine hospital better appear.,DEBIT,125.78,10764.57
2025-09-20,Consumer performance throw parent off step.,DEBIT,459.22,10305.35
