date,description,type,amount,balance
2025-09-20,Prove response agree Mr. Attorney hundred skin.,DEBIT,122.93,5171.07
2025-09-20,Bit space night middle expert high.,CREDIT,39.98,5211.05
2025-09-20,Big blood heart investment actually night.,DEBIT,248.89,4962.16
2025-09-20,Type part idea responsibility environmental.,DEBIT,134.18,4827.98
2025-09-20,Or surface who character happy rest.,DEBIT,489.77,4338.21
2025-09-20,Throw thought program address herself seat.,CREDIT,153.28,4491.49
2025-09-20,Study have sell make.,CREDIT,476.77,4968.26
2025-09-20,For talk become size early.,CREDIT,314.98,5283.24
2025-09-20,Rather four window glass institution.,CREDIT,89.43,5372.67
2025-09-20,Write stand language realize.,CREDIT,358.69,5731.36
2025-09-20,Body shoulder page perform rule.,DEBIT,396.94,5334.42
2025-09-20,Exist reach media law red better.,CREDIT,492.52,5826.94
2025-09-20,Itself ok discussion agency. Heavy stay past.,DEBIT,453.09,5373.85
2025-09-20,Sign effect seem become serve.,CREDIT,74.59,5448.44
2025-09-20,Bed able value defense.,CREDIT,246.3,5694.74
2025-09-20,Kind international population.,DEBIT,369.32,5325.42
2025-09-20,Huge matter smile serious name if.,CREDIT,185.77,5511.19
2025-09-20,Be else feel final job.,CREDIT,199.34,5710.53
2025-09-20,Loss turn himself court red.,DEBIT,143.27,5567.26
2025-09-20,Answer drive remain whether item simply.,CREDIT,409.78,5977.04
2025-09-20,Charge leader accept by.,DEBIT,160.54,5816.5
2025-09-20,Shake student alone phone power.,DEBIT,438.09,5378.41
2025-09-20,Short significant rock region.,CREDIT,472.5,5850.91
2025-09-20,Support radio within agency need accept almost.,CREDIT,370.1,6221.01
2025-09-20,Body that ten hit tonight.,CREDIT,450.63,6671.64
2025-09-20,Physical apply top key.,CREDIT,389.95,7061.59
2025-09-20,Me trouble again attorney board bad.,DEBIT,99.02,6962.57
2025-09-20,Once very person door film.,CREDIT,468.84,7431.41
2025-09-20,Some serve far hour study it ask can.,CREDIT,425.16,7856.57
2025-09-20,Song again many really. Add worker TV model.,DEBIT,466.72,7389.85
2025-09-20,Whatever surface radio admit.,CREDIT,82.69,7472.54
2025-09-20,School after into allow surface.,CREDIT,65.28,7537.82
2025-09-20,Land such stand standard range fight.,DEBIT,246.48,7291.34
2025-09-20,Laugh down car radio power describe to student.,DEBIT,250.87,7040.47
