date,description,type,amount,balance
2025-09-20,Minute individual draw easy daughter.,CREDIT,469.86,4868.86
2025-09-20,High her economic recent.,DEBIT,343.69,4525.17
2025-09-20,News thing message message sport walk policy.,DEBIT,281.2,4243.97
2025-09-20,Worker future too human use address radio.,CREDIT,462.13,4706.1
2025-09-20,Into clear give gun house. Begin field son which.,DEBIT,386.25,4319.85
2025-09-20,Feeling must seem trial.,CREDIT,75.56,4395.41
2025-09-20,Class alone get three within nor argue fear.,DEBIT,396.99,3998.42
2025-09-20,Son expect exist.,CREDIT,313.53,4311.95
2025-09-20,With picture tonight office.,CREDIT,495.17,4807.12
2025-09-20,Authority television cost year seat exactly pay.,CREDIT,169.28,4976.4
2025-09-20,Method require result.,DEBIT,223.08,4753.32
2025-09-20,Second everyone crime before difference.,CREDIT,189.32,4942.64
2025-09-20,Crime name meet. Player artist break involve.,DEBIT,443.44,4499.2
2025-09-20,Beyond but behind check middle should.,CREDIT,367.44,4866.64
2025-09-20,Direction care collection drive enter.,DEBIT,348.75,4517.89
2025-09-20,With source recognize star.,CREDIT,401.27,4919.16
2025-09-20,Still customer edge enter.,CREDIT,288.65,5207.81
2025-09-20,Thank design final hospital perhaps.,CREDIT,487.07,5694.88
2025-09-20,Choice two man perform.,CREDIT,299.45,5994.33
2025-09-20,Letter born often economy compare present but.,DEBIT,426.74,5567.59
