date,description,type,amount,balance
2025-09-20,Term figure trade mention.,DEBIT,345.59,5832.41
2025-09-20,Factor very fast economic expert audience full.,DEBIT,392.62,5439.79
2025-09-20,Something example billion executive both seem.,DEBIT,345.9,5093.89
2025-09-20,Throw director claim hair dream.,DEBIT,421.98,4671.91
2025-09-20,Concern husband glass feel green home.,CREDIT,154.34,4826.25
2025-09-20,Result treatment teach bed type message better.,CREDIT,83.36,4909.61
2025-09-20,Character eight mission may.,DEBIT,152.31,4757.3
2025-09-20,Force professional central remain.,CREDIT,194.35,4951.65
2025-09-20,Step will source enough phone nation try.,DEBIT,356.7,4594.95
2025-09-20,Scene four choose prove spend.,DEBIT,275.56,4319.39
2025-09-20,Clearly over usually job federal.,CREDIT,374.81,4694.2
2025-09-20,Challenge hear evening garden seat activity.,DEBIT,147.06,4547.14
2025-09-20,Chair today the.,CREDIT,248.35,4795.49
2025-09-20,Help you tonight condition industry.,DEBIT,195.06,4600.43
2025-09-20,At ok green scene laugh civil cell.,CREDIT,368.7,4969.13
2025-09-20,Glass total clear tree. Lead far third.,CREDIT,366.19,5335.32
2025-09-20,Near ahead around affect seek look threat mind.,DEBIT,351.51,4983.81
2025-09-20,Red there trial away.,CREDIT,117.12,5100.93
2025-09-20,Serve suffer letter smile suddenly attack recent.,DEBIT,12.3,5088.63
2025-09-20,Guess he already draw one message than.,CREDIT,62.58,5151.21
2025-09-20,Physical area land. Mr style middle must.,DEBIT,132.41,5018.8
2025-09-20,Half half bill.,CREDIT,14.59,5033.39
2025-09-20,Hair difference kid remember very cup.,DEBIT,334.64,4698.75
