date,description,type,amount,balance
2025-09-20,Seven choice truth nation land and.,DEBIT,80.8,4892.2
2025-09-20,Whatever case next little send money.,CREDIT,1.97,4894.17
2025-09-20,Interview exist argue six protect book feel.,CREDIT,62.87,4957.04
2025-09-20,Fund soldier discussion day friend.,DEBIT,190.6,4766.44
2025-09-20,Able laugh report during break hit.,DEBIT,303.17,4463.27
2025-09-20,Condition grow authority it.,CREDIT,360.34,4823.61
2025-09-20,Third contain open different decade sister find.,CREDIT,247.74,5071.35
2025-09-20,Particular require leave although.,CREDIT,54.06,5125.41
2025-09-20,Although sense decision whether home.,CREDIT,329.93,5455.34
2025-09-20,Message usually choose meeting fight.,CREDIT,44.01,5499.35
2025-09-20,Fact thank window positive already media.,CREDIT,222.56,5721.91
2025-09-20,Light year family something.,CREDIT,55.35,5777.26
2025-09-20,Wait chance arrive culture in.,DEBIT,83.23,5694.03
2025-09-20,Game particularly individual part.,DEBIT,319.38,5374.65
2025-09-20,Knowledge design upon hair gun president past.,DEBIT,462.62,4912.03
2025-09-20,Will little deep decide day produce animal.,CREDIT,244.95,5156.98
2025-09-20,Simple value civil only first sport.,DEBIT,401.8,4755.18
2025-09-20,Later like realize deal ball.,CREDIT,228.77,4983.95
2025-09-20,Attack at east pressure number left.,DEBIT,3.91,4980.04
2025-09-20,Family network stock bring himself force.,DEBIT,456.99,4523.05
2025-09-20,Card light conference father TV.,CREDIT,483.43,5006.48
2025-09-20,Indicate picture improve truth space partner.,DEBIT,227.85,4778.63
2025-09-20,Cost upon Congress raise save team.,CREDIT,368.92,5147.55
2025-09-20,Stuff less ahead certain fact.,CREDIT,299.27,5446.82
2025-09-20,Only travel or very drop dark according.,CREDIT,163.31,5610.13
2025-09-20,Knowledge well gas admit my old thus.,CREDIT,418.83,6028.96
2025-09-20,Same nation send stop still.,CREDIT,93.94,6122.9
2025-09-20,None above policy eight report seven law instead.,CREDIT,388.56,6511.46
2025-09-20,Receive democratic glass throughout.,DEBIT,305.12,6206.34
2025-09-20,Southern ability southern.,DEBIT,99.75,6106.59
2025-09-20,Drive candidate country speech positive stuff.,CREDIT,492.59,6599.18
2025-09-20,Check bad garden age building significant.,CREDIT,454.91,7054.09
2025-09-20,Itself beautiful trip society business fund.,CREDIT,114.25,7168.34
2025-09-20,Mrs record boy major as.,DEBIT,199.51,6968.83
