date,description,type,amount,balance
2025-09-20,Action Mrs decade to.,DEBIT,451.37,9476.63
2025-09-20,Market these cover on stage likely suddenly.,CREDIT,223.04,9699.67
2025-09-20,Last physical draw foreign.,DEBIT,343.49,9356.18
2025-09-20,Recent design left. Difficult past generation.,CREDIT,471.43,9827.61
2025-09-20,Listen act senior current listen benefit.,CREDIT,257.97,10085.58
2025-09-20,Risk sell authority treat law drug.,DEBIT,95.78,9989.8
2025-09-20,Meet first hear car too. Oil rule tree there bit.,DEBIT,167.12,9822.68
2025-09-20,Those hair organization may.,DEBIT,161.24,9661.44
2025-09-20,Education finally see low.,CREDIT,278.4,9939.84
2025-09-20,Field three need child over nation action.,DEBIT,16.48,9923.36
2025-09-20,Career discover cup another know region.,DEBIT,387.45,9535.91
2025-09-20,Million dinner say without claim risk.,CREDIT,48.27,9584.18
2025-09-20,Outside defense policy operation.,DEBIT,420.73,9163.45
2025-09-20,Try staff sort class.,DEBIT,444.0,8719.45
2025-09-20,Line end cold discover cut government space.,DEBIT,287.74,8431.71
2025-09-20,Parent campaign its world suffer whatever high.,DEBIT,347.44,8084.27
2025-09-20,Range provide stop key city.,DEBIT,437.3,7646.97
2025-09-20,Student growth first black computer.,DEBIT,91.86,7555.11
2025-09-20,Control discussion build sing.,CREDIT,398.48,7953.59
2025-09-20,Name nation run all note key important.,DEBIT,128.18,7825.41
2025-09-20,Friend long wish easy save south protect as.,DEBIT,409.41,7416.0
2025-09-20,Expert doctor then position many carry.,DEBIT,233.75,7182.25
2025-09-20,Affect long exactly.,CREDIT,433.9,7616.15
2025-09-20,Person lose federal over foot key.,DEBIT,119.92,7496.23
2025-09-20,Bill short through my when reflect.,DEBIT,126.5,7369.73
2025-09-20,Want sense force account success make.,DEBIT,72.88,7296.85
2025-09-20,Challenge ten approach. Clear anything member.,DEBIT,189.77,7107.08
2025-09-20,Military interest prepare relationship.,DEBIT,453.19,6653.89
2025-09-20,Stage the run apply out establish wear.,CREDIT,262.7,6916.59
2025-09-20,Trade family write address.,DEBIT,251.51,6665.08
2025-09-20,Deal card national free.,CREDIT,381.45,7046.53
2025-09-20,International idea trial I to few as.,CREDIT,35.37,7081.9
2025-09-20,Strategy writer law know room.,DEBIT,445.61,6636.29
2025-09-20,Chair will see middle laugh analysis.,CREDIT,486.51,7122.8
2025-09-20,Society his computer.,DEBIT,9.56,7113.24
2025-09-20,Thus trouble which.,CREDIT,384.18,7497.42
2025-09-20,Sense anyone field cost form leader quickly.,DEBIT,323.31,7174.11
2025-09-20,Card occur board language scientist.,CREDIT,416.97,7591.08
2025-09-20,Work deep happen finally.,DEBIT,491.17,7099.91
