date,description,type,amount,balance
2025-09-20,Always late fall customer price.,DEBIT,107.4,7278.6
2025-09-20,Challenge prepare success ago already get.,DEBIT,434.85,6843.75
2025-09-20,Wonder baby our blue husband country no.,DEBIT,478.23,6365.52
2025-09-20,Road one adult reality now leader.,CREDIT,402.88,6768.4
2025-09-20,According us song believe hard movie bag.,DEBIT,147.53,6620.87
2025-09-20,Beautiful form reality sometimes step.,DEBIT,487.78,6133.09
2025-09-20,Wish house run.,DEBIT,194.42,5938.67
2025-09-20,Admit several part myself relate.,CREDIT,188.73,6127.4
2025-09-20,Expert hit too whole. Us learn point summer.,DEBIT,203.53,5923.87
2025-09-20,Sign strategy team stay.,CREDIT,372.22,6296.09
2025-09-20,Move woman pick laugh begin general.,DEBIT,394.43,5901.66
2025-09-20,Standard education through go staff without fine.,DEBIT,265.48,5636.18
2025-09-20,Everything pressure step institution.,CREDIT,474.3,6110.48
2025-09-20,For off onto tell.,CREDIT,200.51,6310.99
2025-09-20,Somebody mission mouth whom although.,DEBIT,249.96,6061.03
2025-09-20,Amount suddenly require how music system sport.,DEBIT,262.32,5798.71
2025-09-20,Real night in data.,CREDIT,236.53,6035.24
2025-09-20,Record trouble important president.,CREDIT,107.7,6142.94
2025-09-20,Pull particular our work yes third left person.,DEBIT,448.78,5694.16
2025-09-20,Make over perhaps walk arrive case now may.,DEBIT,334.26,5359.9
2025-09-20,Similar commercial off expert short across we.,DEBIT,336.75,5023.15
2025-09-20,It the design place.,CREDIT,492.97,5516.12
2025-09-20,Couple some pattern ever say.,DEBIT,226.7,5289.42
