date,description,type,amount,balance
2025-09-20,Reveal stand future.,CREDIT,400.2,3833.2
2025-09-20,Partner writer case laugh investment window.,CREDIT,110.79,3943.99
2025-09-20,Example some look rest director fill bar move.,CREDIT,10.93,3954.92
2025-09-20,Analysis reveal second.,CREDIT,478.57,4433.49
2025-09-20,Several phone half within also industry.,CREDIT,354.33,4787.82
2025-09-20,Smile price south several activity stay.,CREDIT,140.97,4928.79
2025-09-20,Already experience write.,CREDIT,136.72,5065.51
2025-09-20,Research clear cut western threat ball later.,CREDIT,215.4,5280.91
2025-09-20,Hotel where order force season.,CREDIT,222.69,5503.6
2025-09-20,Issue sit case lay popular hour.,CREDIT,269.11,5772.71
2025-09-20,Less find safe usually subject move.,DEBIT,212.56,5560.15
2025-09-20,Provide administration near each go myself.,CREDIT,92.09,5652.24
2025-09-20,Whom market magazine generation.,CREDIT,121.97,5774.21
2025-09-20,Town beautiful discuss reason heart.,DEBIT,9.22,5764.99
2025-09-20,Join throw talk bit month.,CREDIT,183.24,5948.23
2025-09-20,Commercial organization discussion public hour.,CREDIT,82.27,6030.5
2025-09-20,I theory outside manage front.,CREDIT,1.48,6031.98
2025-09-20,Rather girl direction summer soon.,CREDIT,188.31,6220.29
2025-09-20,Ahead fight real site. Deep light far.,DEBIT,493.36,5726.93
2025-09-20,Daughter resource scientist make.,CREDIT,490.74,6217.67
2025-09-20,Pm this difference firm street section.,DEBIT,220.56,5997.11
2025-09-20,Have level the than way standard peace.,DEBIT,426.03,5571.08
2025-09-20,Action manage rise number arm art.,CREDIT,491.99,6063.07
2025-09-20,Long himself writer. Garden chance when couple.,DEBIT,399.16,5663.91
2025-09-20,Audience including although west bill energy.,DEBIT,429.5,5234.41
2025-09-20,Blue these south figure section.,DEBIT,286.35,4948.06
2025-09-20,Agency boy decide feel better.,CREDIT,457.52,5405.58
2025-09-20,Identify personal friend coach.,DEBIT,499.61,4905.97
2025-09-20,Pay just staff. Total fear choice.,CREDIT,425.33,5331.3
2025-09-20,During community around four black short vote.,CREDIT,422.59,5753.89
2025-09-20,Traditional note where building live expect.,DEBIT,198.79,5555.1
