date,description,type,amount,balance
2025-09-20,Position team author argue age value place.,DEBIT,461.48,6734.52
2025-09-20,Important practice however actually score.,CREDIT,383.55,7118.07
2025-09-20,Financial style parent know become chair wear.,CREDIT,65.49,7183.56
2025-09-20,College throughout want free PM recognize my.,DEBIT,253.14,6930.42
2025-09-20,Oil power draw eat ever important be community.,DEBIT,349.64,6580.78
2025-09-20,Without every hold hour simple sound film.,CREDIT,107.53,6688.31
2025-09-20,Including she finish view fact fire various.,CREDIT,294.3,6982.61
2025-09-20,Hospital national themselves benefit.,DEBIT,249.48,6733.13
2025-09-20,Give could agent table present my here.,CREDIT,385.87,7119.0
2025-09-20,Tax according put answer compare lose.,CREDIT,471.36,7590.36
2025-09-20,East behind room friend economic stuff.,CREDIT,373.86,7964.22
2025-09-20,Smile wrong seem.,CREDIT,404.77,8368.99
2025-09-20,Police election look a go politics end.,DEBIT,15.68,8353.31
2025-09-20,Behavior after theory hold film certain.,CREDIT,493.68,8846.99
2025-09-20,Strategy million ten follow ask.,DEBIT,282.68,8564.31
2025-09-20,Politics what culture listen.,DEBIT,411.85,8152.46
2025-09-20,Magazine outside likely these you remain.,DEBIT,254.96,7897.5
2025-09-20,Individual under happen community.,DEBIT,306.68,7590.82
2025-09-20,Activity morning writer large wrong music.,DEBIT,235.97,7354.85
2025-09-20,Door maybe least that.,CREDIT,9.37,7364.22
2025-09-20,Shake look good little base nation listen.,CREDIT,255.31,7619.53
2025-09-20,Explain accept whom dog probably book off.,CREDIT,131.82,7751.35
2025-09-20,Series about team second rich tell.,DEBIT,379.05,7372.3
2025-09-20,Fact role within anyone remember financial leg.,DEBIT,452.6,6919.7
2025-09-20,Watch executive bag save draw reality.,CREDIT,426.99,7346.69
2025-09-20,Budget way material red power yes carry.,DEBIT,275.37,7071.32
2025-09-20,Most doctor bank office.,CREDIT,129.26,7200.58
2025-09-20,Into person fact. No shoulder out.,DEBIT,29.72,7170.86
2025-09-20,Hear partner nature send.,DEBIT,222.39,6948.47
2025-09-20,Point nation board threat ability.,DEBIT,144.15,6804.32
2025-09-20,Year success care two would sound.,DEBIT,394.04,6410.28
