date,description,type,amount,balance
2025-09-20,Head couple bag again simple outside.,CREDIT,472.48,10082.48
2025-09-20,Add six hour through believe car.,DEBIT,268.3,9814.18
2025-09-20,Budget to bag range move right specific.,CREDIT,52.31,9866.49
2025-09-20,Player low difference research list star not.,DEBIT,128.5,9737.99
2025-09-20,Minute high new last.,CREDIT,192.77,9930.76
2025-09-20,Always bad building protect there step week.,DEBIT,41.34,9889.42
2025-09-20,Turn plan soldier others in phone.,CREDIT,354.44,10243.86
2025-09-20,Watch avoid project well remain.,CREDIT,312.43,10556.29
2025-09-20,Significant piece nature away able.,DEBIT,69.82,10486.47
2025-09-20,Recognize executive third structure set baby.,CREDIT,356.29,10842.76
2025-09-20,Let energy official home college article.,DEBIT,248.75,10594.01
2025-09-20,Structure sign manage how.,CREDIT,252.09,10846.1
2025-09-20,Most heart dog physical church.,CREDIT,471.69,11317.79
2025-09-20,Final on half onto eye loss.,CREDIT,311.56,11629.35
2025-09-20,Apply on idea tax.,DEBIT,438.17,11191.18
2025-09-20,Girl lead everything main back woman popular.,CREDIT,276.07,11467.25
2025-09-20,Position about it director.,CREDIT,195.07,11662.32
2025-09-20,Degree rather never than.,DEBIT,170.7,11491.62
2025-09-20,Sense large south voice sort four baby.,CREDIT,256.54,11748.16
2025-09-20,Current senior heart mouth impact base rise.,CREDIT,22.33,11770.49
2025-09-20,Consumer be receive.,CREDIT,142.24,11912.73
2025-09-20,Enjoy meeting hard whole goal.,CREDIT,335.9,12248.63
2025-09-20,Tv your he enter teacher.,CREDIT,12.71,12261.34
2025-09-20,Safe hotel address again relate.,DEBIT,415.59,11845.75
2025-09-20,Major summer about. Happy small public executive.,DEBIT,277.9,11567.85
2025-09-20,Finish organization nor people thus.,CREDIT,367.23,11935.08
2025-09-20,Democratic at painting.,CREDIT,292.18,12227.26
2025-09-20,Front force under someone federal science.,DEBIT,332.09,11895.17
2025-09-20,Carry anything impact ok.,DEBIT,438.0,11457.17
2025-09-20,Old final traditional arrive receive.,CREDIT,385.87,11843.04
2025-09-20,Form goal lead pattern.,DEBIT,347.34,11495.7
2025-09-20,Just popular wish exist.,CREDIT,181.23,11676.93
2025-09-20,Watch first grow drop could sometimes technology.,CREDIT,102.25,11779.18
