date,description,type,amount,balance
2025-09-20,Yeah design spring end foot political might.,CREDIT,285.79,4419.79
2025-09-20,Animal executive later time.,CREDIT,378.77,4798.56
2025-09-20,Us hundred receive ready many shake.,CREDIT,21.61,4820.17
2025-09-20,Per small account loss feel again if.,DEBIT,79.46,4740.71
2025-09-20,Experience national cold gas democratic.,DEBIT,354.88,4385.83
2025-09-20,They ahead indeed this happy.,CREDIT,389.63,4775.46
2025-09-20,Rate phone court.,DEBIT,244.86,4530.6
2025-09-20,Difficult mean down success interest.,DEBIT,444.17,4086.43
2025-09-20,Whole authority account ball pass establish.,CREDIT,360.94,4447.37
2025-09-20,Soon political open still answer reach majority.,DEBIT,317.11,4130.26
2025-09-20,Hope behavior practice usually film suffer in.,CREDIT,168.51,4298.77
2025-09-20,Black cold lead choice certain why.,CREDIT,280.62,4579.39
2025-09-20,Let town drive wind. Scene point lead good.,DEBIT,246.16,4333.23
2025-09-20,Husband team bit research consider.,DEBIT,316.59,4016.64
2025-09-20,Bed movie agree help kind several.,CREDIT,476.55,4493.19
2025-09-20,Television center rather be school rule.,DEBIT,378.22,4114.97
2025-09-20,Wind late capital increase movement on.,DEBIT,104.24,4010.73
2025-09-20,Good win again certain rule difference.,DEBIT,303.63,3707.1
2025-09-20,Large future may piece. Safe then war once.,CREDIT,266.94,3974.04
2025-09-20,Exist why become front base must.,CREDIT,184.34,4158.38
2025-09-20,Product national spend I rock star.,CREDIT,28.17,4186.55
2025-09-20,Study change least soldier radio name run.,DEBIT,100.47,4086.08
2025-09-20,Campaign threat matter up decade stay money.,CREDIT,375.13,4461.21
2025-09-20,Capital not power poor help area charge.,DEBIT,138.6,4322.61
2025-09-20,Season piece be continue.,CREDIT,333.44,4656.05
2025-09-20,Night might other sport national region protect.,CREDIT,7.93,4663.98
2025-09-20,Now star car.,DEBIT,190.19,4473.79
2025-09-20,May political support science answer here floor.,DEBIT,172.96,4300.83
2025-09-20,Help discuss get figure.,CREDIT,219.6,4520.43
2025-09-20,Key interest sit.,DEBIT,188.89,4331.54
2025-09-20,Himself watch imagine out.,CREDIT,339.15,4670.69
2025-09-20,Chair tell material that.,CREDIT,285.92,4956.61
2025-09-20,Activity probably page section fall carry.,CREDIT,20.62,4977.23
2025-09-20,Hair at approach sit future perform reveal.,DEBIT,79.79,4897.44
2025-09-20,Kid buy fight national.,CREDIT,354.71,5252.15
2025-09-20,Either recognize head deal reveal.,CREDIT,352.16,5604.31
2025-09-20,American study throw space.,CREDIT,99.69,5704.0
2025-09-20,Society member cold.,DEBIT,150.93,5553.07
2025-09-20,Product big lot then exist store.,CREDIT,206.0,5759.07
2025-09-20,Thank Republican themselves weight main concern.,CREDIT,90.07,5849.14
2025-09-20,Same reduce billion dinner.,DEBIT,319.19,5529.95
2025-09-20,Question southern skin base.,DEBIT,251.35,5278.6
2025-09-20,Activity early six.,CREDIT,93.18,5371.78
