date,description,type,amount,balance
2025-09-20,Blood stand dog these.,DEBIT,65.95,2065.05
2025-09-20,Place sort important here. Eat easy wish level.,DEBIT,461.04,1604.01
2025-09-20,Truth debate deep story with.,CREDIT,186.51,1790.52
2025-09-20,Candidate alone someone address against.,DEBIT,393.11,1397.41
2025-09-20,Nearly page see turn will role.,CREDIT,354.48,1751.89
2025-09-20,Machine religious drop degree.,CREDIT,46.37,1798.26
2025-09-20,Fish around term two whose force.,CREDIT,330.07,2128.33
2025-09-20,Investment buy shoulder next accept alone third.,CREDIT,70.06,2198.39
2025-09-20,Itself go college end collection.,CREDIT,446.18,2644.57
2025-09-20,Music unit social include.,CREDIT,179.49,2824.06
2025-09-20,Within how together thus move themselves out.,DEBIT,52.6,2771.46
2025-09-20,Seem before garden look event employee.,CREDIT,358.41,3129.87
2025-09-20,No early town back.,DEBIT,459.56,2670.31
2025-09-20,Attorney line soldier.,CREDIT,190.4,2860.71
2025-09-20,Throughout nation any born card.,DEBIT,107.86,2752.85
2025-09-20,Brother picture price task enter ten production.,DEBIT,428.63,2324.22
2025-09-20,Point that debate. Serve second voice important.,DEBIT,166.8,2157.42
2025-09-20,Respond majority always Republican.,DEBIT,455.46,1701.96
2025-09-20,Follow manager claim firm western rise window.,DEBIT,423.38,1278.58
2025-09-20,Deal responsibility home share process its.,DEBIT,442.51,836.07
2025-09-20,Chair eat factor end course air heart.,DEBIT,30.78,805.29
2025-09-20,Worker sell decision sure treatment local market.,DEBIT,390.01,415.28
2025-09-20,Debate throughout person.,DEBIT,487.43,-72.15
2025-09-20,Thing us allow through cost economic.,CREDIT,292.18,220.03
2025-09-20,Science field allow me.,CREDIT,152.57,372.6
2025-09-20,Positive culture challenge senior.,DEBIT,319.18,53.42
2025-09-20,Eye industry too western.,CREDIT,230.91,284.33
2025-09-20,Unit hope blood thing you ball computer.,DEBIT,497.44,-213.11
2025-09-20,Reality along what into offer picture ok.,CREDIT,485.42,272.31
2025-09-20,Trade feeling three future machine.,DEBIT,35.78,236.53
2025-09-20,Build visit question.,DEBIT,171.67,64.86
2025-09-20,Laugh certainly animal enter beautiful she bit.,CREDIT,307.46,372.32
2025-09-20,Hit note matter require according agree.,CREDIT,392.4,764.72
2025-09-20,Improve follow improve physical choose.,CREDIT,478.18,1242.9
2025-09-20,Argue serious church fight them.,DEBIT,183.17,1059.73
2025-09-20,Career we defense thank part decision.,DEBIT,277.72,782.01
2025-09-20,Nothing what air east assume direction.,CREDIT,334.71,1116.72
2025-09-20,Near simply per hand budget impact cover many.,DEBIT,69.83,1046.89
2025-09-20,Sea person local fear TV star common table.,CREDIT,17.3,1064.19
2025-09-20,Not Mrs step court about agree.,DEBIT,284.94,779.25
2025-09-20,Trial poor some social wait find soon available.,CREDIT,21.1,800.35
2025-09-20,Almost doctor travel take remember.,CREDIT,182.16,982.51
2025-09-20,Fish against smile.,DEBIT,326.84,655.67
2025-09-20,Notice subject exist six hotel around benefit.,DEBIT,80.52,575.15
2025-09-20,Relate develop I least.,DEBIT,64.04,511.11
2025-09-20,Pull throw officer effect difference hot.,DEBIT,449.28,61.83
2025-09-20,Level red himself follow media.,DEBIT,110.1,-48.27
