date,description,type,amount,balance
2025-09-20,Study there executive trade camera foot hospital.,DEBIT,298.77,6486.23
2025-09-20,Maybe image final per seat.,DEBIT,202.29,6283.94
2025-09-20,Among artist wait official. What take write lose.,DEBIT,495.45,5788.49
2025-09-20,Tonight open cold fly address.,DEBIT,26.3,5762.19
2025-09-20,Character everything exist feeling.,CREDIT,447.31,6209.5
2025-09-20,Win level free his. Them over range get.,CREDIT,253.22,6462.72
2025-09-20,Hour her star happen boy treat.,DEBIT,198.94,6263.78
2025-09-20,Look realize seem industry stock.,CREDIT,247.69,6511.47
2025-09-20,Reach food heavy assume somebody tax gun.,DEBIT,378.49,6132.98
2025-09-20,Even listen drop rule scene tree.,DEBIT,68.17,6064.81
2025-09-20,There bag about result threat guy home.,CREDIT,111.68,6176.49
2025-09-20,During kid bank car protect movement next.,DEBIT,289.83,5886.66
2025-09-20,Behavior own player marriage.,CREDIT,239.54,6126.2
2025-09-20,Development management my cut much miss throw.,DEBIT,442.69,5683.51
2025-09-20,Carry raise best study position raise.,DEBIT,288.64,5394.87
2025-09-20,Response step southern fact meet money kid.,DEBIT,82.44,5312.43
2025-09-20,Product since international free remember.,CREDIT,462.82,5775.25
2025-09-20,World firm end us effect boy star.,CREDIT,299.35,6074.6
2025-09-20,By receive sign manager. Eye sister deep career.,DEBIT,220.28,5854.32
2025-09-20,Game nor when hour then tend.,CREDIT,284.7,6139.02
2025-09-20,Another look computer year fire.,CREDIT,169.9,6308.92
2025-09-20,Activity others affect mean.,CREDIT,56.27,6365.19
2025-09-20,Read work whether from would black every.,CREDIT,141.81,6507.0
2025-09-20,So him finally black case.,DEBIT,176.22,6330.78
2025-09-20,Inside wonder result down.,CREDIT,53.26,6384.04
2025-09-20,Focus those affect student leader.,DEBIT,262.02,6122.02
2025-09-20,You operation only key account.,CREDIT,162.77,6284.79
2025-09-20,Strong land state win draw.,CREDIT,96.25,6381.04
2025-09-20,Community believe after number election huge.,DEBIT,11.48,6369.56
2025-09-20,Issue girl none type foot.,CREDIT,385.25,6754.81
2025-09-20,Role somebody finally treat measure five.,DEBIT,189.52,6565.29
2025-09-20,Various that do event.,CREDIT,478.88,7044.17
2025-09-20,A role movie collection.,DEBIT,198.92,6845.25
2025-09-20,Sing mouth morning resource important.,CREDIT,212.81,7058.06
2025-09-20,Kitchen party store just may.,DEBIT,206.32,6851.74
2025-09-20,Soldier if notice.,CREDIT,335.21,7186.95
2025-09-20,Above impact attorney control party again.,CREDIT,407.98,7594.93
2025-09-20,Plan he evening tax behind heavy indicate.,DEBIT,347.95,7246.98
2025-09-20,Similar detail from by federal.,CREDIT,494.67,7741.65
