date,description,type,amount,balance
2025-09-20,Color him break senior age beat room.,DEBIT,294.6,7019.4
2025-09-20,But miss discuss maintain.,DEBIT,367.71,6651.69
2025-09-20,Research the candidate sometimes share.,DEBIT,372.38,6279.31
2025-09-20,Add popular season actually north drug southern.,CREDIT,313.09,6592.4
2025-09-20,Culture data improve.,DEBIT,142.99,6449.41
2025-09-20,Some sound activity main least talk property.,DEBIT,255.43,6193.98
2025-09-20,Knowledge resource without.,CREDIT,251.48,6445.46
2025-09-20,And capital ten walk take record key.,DEBIT,250.4,6195.06
2025-09-20,Identify north education benefit beautiful.,DEBIT,290.28,5904.78
2025-09-20,Huge social really. Let very mean huge.,DEBIT,248.33,5656.45
2025-09-20,Thought thousand five when ever contain skill.,CREDIT,53.86,5710.31
2025-09-20,Around provide end natural car budget.,CREDIT,212.83,5923.14
2025-09-20,Face name term.,DEBIT,430.7,5492.44
2025-09-20,Particular quickly its picture state difference.,CREDIT,303.14,5795.58
2025-09-20,Bar item year choice class.,DEBIT,215.32,5580.26
2025-09-20,Throughout gas wish ready cell.,DEBIT,83.21,5497.05
2025-09-20,Want through political media.,CREDIT,95.28,5592.33
2025-09-20,Meeting each thus air increase.,CREDIT,441.2,6033.53
2025-09-20,Beyond not decide soldier.,DEBIT,106.66,5926.87
2025-09-20,Moment risk force war need. While social culture.,DEBIT,287.48,5639.39
2025-09-20,Eye too sister. War TV military.,DEBIT,187.41,5451.98
2025-09-20,Court third risk none final its star.,DEBIT,202.45,5249.53
2025-09-20,Else happen network for.,CREDIT,322.95,5572.48
2025-09-20,Much one ten share in stand last girl.,DEBIT,108.43,5464.05
2025-09-20,Trial recognize tax need also community.,CREDIT,113.95,5578.0
2025-09-20,Possible trial summer choose federal.,CREDIT,349.91,5927.91
2025-09-20,Lay happen foreign maybe law budget happy.,DEBIT,243.19,5684.72
2025-09-20,Life people continue including people.,DEBIT,469.84,5214.88
2025-09-20,Next across level perhaps ok.,CREDIT,140.06,5354.94
2025-09-20,Move serious inside right himself full hair.,DEBIT,25.94,5329.0
2025-09-20,Authority American nature arrive.,DEBIT,157.01,5171.99
2025-09-20,Beyond major itself road eight win add.,CREDIT,161.62,5333.61
2025-09-20,Clear beyond exist rock.,DEBIT,277.7,5055.91
2025-09-20,She card yard past table mission step.,CREDIT,302.5,5358.41
2025-09-20,Possible assume may every there sound bag.,CREDIT,128.09,5486.5
2025-09-20,Store billion fund collection charge.,DEBIT,15.32,5471.18
2025-09-20,Computer key either already between itself.,DEBIT,385.36,5085.82
2025-09-20,Speak region because spring be third media.,CREDIT,192.44,5278.26
2025-09-20,Name soon raise have adult along whom.,CREDIT,330.8,5609.06
2025-09-20,Unit test discuss focus adult day.,CREDIT,334.06,5943.12
2025-09-20,Man nothing public exist after sort.,DEBIT,378.85,5564.27
2025-09-20,Effort return however similar fill.,DEBIT,96.98,5467.29
2025-09-20,Type yes special parent music change.,CREDIT,103.93,5571.22
2025-09-20,Guy out final low present real.,DEBIT,90.25,5480.97
2025-09-20,Fast hard hot life quite sure lawyer carry.,CREDIT,281.2,5762.17
