date,description,type,amount,balance
2025-09-20,Evidence choice there suddenly wide avoid.,DEBIT,266.17,8826.83
2025-09-20,Learn many before whose.,CREDIT,267.7,9094.53
2025-09-20,Meet official practice go rate also.,DEBIT,255.0,8839.53
2025-09-20,School commercial family civil.,CREDIT,488.54,9328.07
2025-09-20,Test agent sport data month single property.,CREDIT,344.14,9672.21
2025-09-20,Candidate even friend range daughter benefit our.,DEBIT,253.91,9418.3
2025-09-20,Training network these test.,DEBIT,438.51,8979.79
2025-09-20,Rich party wife.,CREDIT,364.63,9344.42
2025-09-20,Record significant you leave feeling specific.,DEBIT,244.89,9099.53
2025-09-20,Rest common sell per a onto every.,CREDIT,196.18,9295.71
2025-09-20,Guy hold action glass treatment.,DEBIT,85.88,9209.83
2025-09-20,Then protect explain bit event.,CREDIT,342.34,9552.17
2025-09-20,Head sing strategy behavior.,CREDIT,66.11,9618.28
2025-09-20,Success just field receive bar able before let.,CREDIT,175.38,9793.66
2025-09-20,Travel play clearly century model rather low.,DEBIT,430.33,9363.33
2025-09-20,Become fund time.,DEBIT,61.55,9301.78
2025-09-20,Cup five forget. Heavy goal evening lawyer.,DEBIT,262.13,9039.65
2025-09-20,For part write. Information song else spend.,CREDIT,90.33,9129.98
2025-09-20,No laugh nature.,CREDIT,215.03,9345.01
2025-09-20,Television newspaper though range.,CREDIT,347.35,9692.36
2025-09-20,Even thing evening total pretty charge.,DEBIT,488.64,9203.72
2025-09-20,Bill long than.,CREDIT,19.16,9222.88
2025-09-20,Left drop begin month see.,DEBIT,330.28,8892.6
2025-09-20,Really yet civil accept help direction call.,DEBIT,465.53,8427.07
