date,description,type,amount,balance
2025-09-20,Accept million few.,CREDIT,129.25,5404.25
2025-09-20,Where when defense focus boy summer.,DEBIT,239.26,5164.99
2025-09-20,Scientist wife rather team main person.,CREDIT,440.02,5605.01
2025-09-20,Baby could skill partner knowledge.,CREDIT,81.7,5686.71
2025-09-20,Arrive return near any with.,DEBIT,189.36,5497.35
2025-09-20,Own pattern late else arm just those play.,CREDIT,44.35,5541.7
2025-09-20,Local change lose audience sing. Tend how laugh.,CREDIT,421.17,5962.87
2025-09-20,Whose day together election value.,CREDIT,404.87,6367.74
2025-09-20,Feel amount car author kitchen prepare.,CREDIT,262.34,6630.08
2025-09-20,Economy hour draw successful book determine.,CREDIT,221.11,6851.19
2025-09-20,Paper four stop draw. Again mother ahead change.,DEBIT,438.45,6412.74
2025-09-20,Pm mother its.,DEBIT,207.76,6204.98
2025-09-20,Skin head positive hand my owner main.,CREDIT,344.48,6549.46
2025-09-20,Debate a as onto subject.,DEBIT,114.14,6435.32
2025-09-20,Book may under dog behind.,DEBIT,6.58,6428.74
2025-09-20,View girl sell challenge moment beautiful.,DEBIT,178.81,6249.93
2025-09-20,Near about top dream.,DEBIT,447.71,5802.22
2025-09-20,Under large partner military.,DEBIT,218.23,5583.99
2025-09-20,Special then past most forget from area.,DEBIT,277.27,5306.72
2025-09-20,Threat organization woman national.,DEBIT,469.51,4837.21
2025-09-20,Scientist future least attorney child.,DEBIT,55.92,4781.29
2025-09-20,If so mention magazine pressure worry.,DEBIT,57.09,4724.2
2025-09-20,Have lead sport ago. Bag off who near.,DEBIT,279.02,4445.18
2025-09-20,Go movement help capital.,DEBIT,244.25,4200.93
2025-09-20,They economic fly.,DEBIT,446.25,3754.68
2025-09-20,Face campaign front side hand full.,CREDIT,209.16,3963.84
2025-09-20,Government suggest medical civil serious able.,CREDIT,273.91,4237.75
2025-09-20,Mrs media maybe decade.,DEBIT,471.86,3765.89
2025-09-20,May example street production inside big.,CREDIT,289.74,4055.63
