date,description,type,amount,balance
2025-09-20,Pretty particular scientist help. Item away want.,CREDIT,423.66,3240.66
2025-09-20,Set finish especially far cultural water.,CREDIT,69.13,3309.79
2025-09-20,Exactly course fall. Side decade generation.,DEBIT,419.31,2890.48
2025-09-20,Special behind employee defense class only left.,CREDIT,72.08,2962.56
2025-09-20,Behavior member authority alone me.,CREDIT,196.9,3159.46
2025-09-20,Meet data education a agency book attack.,CREDIT,436.25,3595.71
2025-09-20,Size during despite adult finish.,CREDIT,450.74,4046.45
2025-09-20,Both light training buy color.,CREDIT,279.54,4325.99
2025-09-20,There fight member else natural.,DEBIT,267.77,4058.22
2025-09-20,Certainly when until operation.,CREDIT,56.21,4114.43
2025-09-20,Rich fall vote military low out.,DEBIT,215.34,3899.09
2025-09-20,Difference capital gas my meeting key remain.,CREDIT,44.13,3943.22
2025-09-20,Leader word successful strategy long.,DEBIT,5.56,3937.66
2025-09-20,Item forget throughout rate officer most.,CREDIT,274.31,4211.97
2025-09-20,Nation water huge against quite.,DEBIT,21.58,4190.39
2025-09-20,Spring on series reflect start.,DEBIT,147.65,4042.74
2025-09-20,Each election especially sure.,DEBIT,89.15,3953.59
2025-09-20,Difference certainly rest test win his yes land.,DEBIT,292.25,3661.34
2025-09-20,Do question way arm leg baby real.,DEBIT,381.87,3279.47
2025-09-20,Front fill evidence defense.,CREDIT,265.33,3544.8
2025-09-20,Direction change institution nor.,DEBIT,433.45,3111.35
2025-09-20,Under population water choose myself decade.,DEBIT,385.6,2725.75
