date,description,type,amount,balance
2025-09-20,Physical rock line.,CREDIT,234.12,6797.12
2025-09-20,Necessary specific often during.,CREDIT,123.01,6920.13
2025-09-20,Car never concern doctor study learn the.,DEBIT,113.37,6806.76
2025-09-20,Pretty law address next network statement.,CREDIT,324.97,7131.73
2025-09-20,Where mention trip. Like discuss rock.,CREDIT,420.54,7552.27
2025-09-20,Walk cup doctor report do personal their.,CREDIT,72.6,7624.87
2025-09-20,Follow write force success.,DEBIT,12.85,7612.02
2025-09-20,In today each everyone.,CREDIT,340.14,7952.16
2025-09-20,Miss bill after court.,DEBIT,78.69,7873.47
2025-09-20,Idea hair clear act the system.,DEBIT,147.98,7725.49
2025-09-20,Throw performance task bar listen.,CREDIT,296.63,8022.12
2025-09-20,Type east media.,CREDIT,52.06,8074.18
2025-09-20,Himself between century month meeting much many.,CREDIT,111.31,8185.49
2025-09-20,Despite true speech bag receive.,CREDIT,224.08,8409.57
2025-09-20,Edge national although.,DEBIT,100.07,8309.5
2025-09-20,Thought grow wife trip let. Police east message.,DEBIT,434.38,7875.12
2025-09-20,Return upon nation land hold condition painting.,CREDIT,335.49,8210.61
2025-09-20,Child total just.,CREDIT,105.86,8316.47
2025-09-20,Travel clear subject minute break truth benefit.,CREDIT,242.71,8559.18
2025-09-20,Also surface person left have pay animal.,CREDIT,322.66,8881.84
2025-09-20,Sort fall successful threat clear.,DEBIT,384.78,8497.06
2025-09-20,Their use able long although finally cause.,DEBIT,256.2,8240.86
2025-09-20,Year month old family force style language.,DEBIT,341.08,7899.78
2025-09-20,House where enter Republican cold carry between.,DEBIT,427.75,7472.03
2025-09-20,Rich room another common particular role.,DEBIT,404.93,7067.1
2025-09-20,His hard door only necessary according.,CREDIT,176.7,7243.8
2025-09-20,Head decade human policy toward.,CREDIT,357.96,7601.76
2025-09-20,Sing mission pattern about rather.,DEBIT,401.18,7200.58
2025-09-20,Weight join deal line article help.,CREDIT,49.1,7249.68
2025-09-20,Fight appear inside personal strategy foot rule.,CREDIT,405.18,7654.86
2025-09-20,Defense hot state himself.,CREDIT,187.34,7842.2
2025-09-20,With third medical call.,CREDIT,349.61,8191.81
2025-09-20,Term hair significant growth.,CREDIT,369.94,8561.75
2025-09-20,Describe around stay else.,CREDIT,442.03,9003.78
2025-09-20,Big want future affect wait actually seven.,CREDIT,476.36,9480.14
2025-09-20,Job near approach will. No station just hundred.,CREDIT,86.37,9566.51
2025-09-20,Discuss such able cover reality.,CREDIT,362.6,9929.11
2025-09-20,Budget create quality if toward close.,DEBIT,341.15,9587.96
2025-09-20,Most east realize important bar east.,CREDIT,385.14,9973.1
2025-09-20,Than side likely responsibility.,CREDIT,375.2,10348.3
2025-09-20,He gas around do news dream.,CREDIT,382.18,10730.48
2025-09-20,There contain check especially.,DEBIT,454.86,10275.62
2025-09-20,Mouth seek fly bring ever man ten.,CREDIT,66.75,10342.37
2025-09-20,Miss east score hit food lose and.,DEBIT,169.62,10172.75
2025-09-20,Race administration current close.,CREDIT,10.54,10183.29
2025-09-20,According month name mouth time.,DEBIT,83.24,10100.05
2025-09-20,Resource range dog significant each its factor.,CREDIT,285.21,10385.26
2025-09-20,Perform once person list memory build approach.,CREDIT,286.16,10671.42
2025-09-20,Environment loss pretty guy evening.,CREDIT,175.89,10847.31
