date,description,type,amount,balance
2025-09-20,Surface case left.,DEBIT,96.85,5963.15
2025-09-20,Still eight tend war. Central pick quite very.,DEBIT,343.64,5619.51
2025-09-20,Perform contain between method off know.,CREDIT,206.02,5825.53
2025-09-20,Subject poor gas mean garden success.,DEBIT,324.68,5500.85
2025-09-20,Worker authority house race something as.,DEBIT,298.42,5202.43
2025-09-20,Last although month stuff along learn drug.,CREDIT,69.53,5271.96
2025-09-20,Something off hotel three husband which capital.,DEBIT,335.74,4936.22
2025-09-20,Majority year teacher kid.,CREDIT,471.05,5407.27
2025-09-20,Red son production oil crime despite.,CREDIT,69.27,5476.54
2025-09-20,Back free situation camera anything huge land.,CREDIT,250.43,5726.97
2025-09-20,President present training significant.,CREDIT,363.88,6090.85
2025-09-20,Will join than level address bit white beautiful.,CREDIT,471.92,6562.77
2025-09-20,World son city.,CREDIT,26.48,6589.25
2025-09-20,Two show entire note former.,DEBIT,469.19,6120.06
2025-09-20,Statement agent focus its hot candidate usually.,CREDIT,153.22,6273.28
2025-09-20,Republican drop civil design series often.,CREDIT,474.95,6748.23
2025-09-20,Everyone budget child really positive.,DEBIT,290.0,6458.23
2025-09-20,Cover hair friend.,DEBIT,256.66,6201.57
2025-09-20,Woman hundred education yes.,DEBIT,428.13,5773.44
2025-09-20,Central never their alone positive senior time.,DEBIT,48.61,5724.83
2025-09-20,Least nor personal both save.,CREDIT,97.98,5822.81
2025-09-20,Work speak admit by. Look step structure.,DEBIT,485.77,5337.04
2025-09-20,Born however forward instead fact put.,DEBIT,52.18,5284.86
2025-09-20,South region real cover again without.,CREDIT,471.49,5756.35
2025-09-20,Thousand arm interview where.,DEBIT,144.53,5611.82
2025-09-20,Both ok and task everyone test up.,DEBIT,446.49,5165.33
2025-09-20,Its movement real exist budget talk.,DEBIT,365.68,4799.65
2025-09-20,And though agree spend character money.,CREDIT,316.23,5115.88
2025-09-20,Well artist provide this simple.,DEBIT,374.9,4740.98
2025-09-20,Debate goal blue.,CREDIT,136.75,4877.73
2025-09-20,Oil writer fund red laugh doctor reduce major.,DEBIT,411.47,4466.26
2025-09-20,Design conference collection cold do.,DEBIT,71.99,4394.27
2025-09-20,Social director point physical public.,DEBIT,100.88,4293.39
2025-09-20,Girl leg according area.,DEBIT,495.69,3797.7
2025-09-20,Believe according former clear down also.,CREDIT,184.13,3981.83
2025-09-20,Standard production population rather finally.,CREDIT,83.29,4065.12
2025-09-20,Over growth window mission worker.,CREDIT,480.02,4545.14
2025-09-20,World often central.,DEBIT,281.53,4263.61
2025-09-20,Eight able pressure area star call human able.,CREDIT,67.49,4331.1
