date,description,type,amount,balance
2025-09-20,Believe police likely direction chair pay finish.,DEBIT,248.83,4426.17
2025-09-20,Until source better collection what sure center.,CREDIT,242.06,4668.23
2025-09-20,Section none his popular since find.,DEBIT,349.01,4319.22
2025-09-20,Meeting marriage there page sport training.,CREDIT,207.84,4527.06
2025-09-20,Nearly guess will nothing possible trouble side.,DEBIT,212.49,4314.57
2025-09-20,Which return everyone service peace work area.,CREDIT,442.14,4756.71
2025-09-20,Interest whether green station catch whatever.,DEBIT,382.88,4373.83
2025-09-20,Little game turn agent it.,CREDIT,289.28,4663.11
2025-09-20,Stand hold anyone Mrs throughout.,CREDIT,29.37,4692.48
2025-09-20,Out close join job machine sometimes suddenly.,CREDIT,205.57,4898.05
2025-09-20,Protect key box quite affect.,CREDIT,142.83,5040.88
2025-09-20,Theory field writer lose remain mind ask.,CREDIT,371.38,5412.26
2025-09-20,Sell audience task front.,CREDIT,115.74,5528.0
2025-09-20,School fund ten book.,CREDIT,110.4,5638.4
2025-09-20,Democratic lawyer onto top line officer study.,DEBIT,335.01,5303.39
2025-09-20,Help staff seem nor eye.,CREDIT,360.93,5664.32
2025-09-20,Traditional improve base go plan sign.,DEBIT,83.08,5581.24
2025-09-20,Administration movie also he source speech.,CREDIT,172.14,5753.38
2025-09-20,Spend director music enjoy treatment production.,DEBIT,492.71,5260.67
2025-09-20,American impact memory mean.,DEBIT,17.63,5243.04
2025-09-20,Reach else clearly room avoid yet study.,DEBIT,172.68,5070.36
2025-09-20,Group building manage these increase benefit.,DEBIT,197.9,4872.46
2025-09-20,Eight fund food bit cover.,DEBIT,118.25,4754.21
2025-09-20,Occur federal professor choice suggest.,CREDIT,12.81,4767.02
2025-09-20,Shoulder campaign one benefit would wall around.,CREDIT,432.46,5199.48
2025-09-20,Country image short task best thought.,CREDIT,347.09,5546.57
