date,description,type,amount,balance
2025-09-20,Tree this administration case.,DEBIT,212.6,5862.4
2025-09-20,This sing interest bill.,CREDIT,170.83,6033.23
2025-09-20,Evidence economic lawyer adult space rich wrong.,DEBIT,222.56,5810.67
2025-09-20,Drug suffer probably black dark for pattern.,DEBIT,471.96,5338.71
2025-09-20,Bar air possible success the.,CREDIT,481.11,5819.82
2025-09-20,Drop treat create find.,CREDIT,122.55,5942.37
2025-09-20,They station either money peace parent they as.,DEBIT,96.52,5845.85
2025-09-20,East its finish look believe blood citizen.,CREDIT,328.56,6174.41
2025-09-20,Move Congress politics floor sport evening.,CREDIT,138.65,6313.06
2025-09-20,Daughter couple former culture think.,DEBIT,492.68,5820.38
2025-09-20,Property yet south story beautiful senior.,DEBIT,427.51,5392.87
2025-09-20,Consumer space claim picture language entire.,CREDIT,69.98,5462.85
2025-09-20,Nor hold man street white test.,DEBIT,319.71,5143.14
2025-09-20,Health by any care themselves.,CREDIT,256.91,5400.05
2025-09-20,Save article major answer thought glass meeting.,CREDIT,343.78,5743.83
2025-09-20,Simply ten over.,DEBIT,79.98,5663.85
2025-09-20,Sometimes remember fill each anyone.,DEBIT,209.01,5454.84
2025-09-20,Its table everything perform standard.,CREDIT,336.48,5791.32
2025-09-20,Read condition year order education.,DEBIT,211.54,5579.78
2025-09-20,Heart personal approach assume.,DEBIT,421.95,5157.83
2025-09-20,Describe gas side writer house.,DEBIT,172.86,4984.97
2025-09-20,Off theory also scene answer whole figure.,CREDIT,133.07,5118.04
2025-09-20,Would watch card happy try amount return.,DEBIT,253.33,4864.71
2025-09-20,Hard which item those read walk.,DEBIT,2.75,4861.96
2025-09-20,Try turn call. Return look because agree cost.,CREDIT,93.54,4955.5
2025-09-20,Choose if yet middle south since news.,DEBIT,263.43,4692.07
2025-09-20,Training plant huge air sense.,CREDIT,469.77,5161.84
2025-09-20,Anyone center seek. Quality rich lot television.,CREDIT,56.16,5218.0
2025-09-20,Grow image not become ten.,DEBIT,98.81,5119.19
2025-09-20,Listen by girl daughter minute live.,CREDIT,178.95,5298.14
2025-09-20,Your turn avoid go reach. Staff treat area.,DEBIT,176.65,5121.49
2025-09-20,Effect risk from size heart save including.,CREDIT,250.16,5371.65
2025-09-20,Participant you about nation enough relationship.,CREDIT,156.46,5528.11
2025-09-20,Tree sound others drug arm together church.,DEBIT,233.84,5294.27
2025-09-20,Key traditional box condition morning senior for.,DEBIT,340.41,4953.86
