date,description,type,amount,balance
2025-09-20,Radio look nor size couple so low.,CREDIT,350.23,5377.23
2025-09-20,Concern throw Mrs quality event floor firm.,DEBIT,446.77,4930.46
2025-09-20,Put can fund color. Program low method.,CREDIT,393.12,5323.58
2025-09-20,Break fast himself weight people various effort.,CREDIT,117.28,5440.86
2025-09-20,Entire when build red.,CREDIT,291.5,5732.36
2025-09-20,Modern run help provide least.,CREDIT,31.06,5763.42
2025-09-20,Better show summer position question.,CREDIT,439.03,6202.45
2025-09-20,Arm card parent without. Place course hour.,CREDIT,230.04,6432.49
2025-09-20,Follow become firm strong provide data country.,DEBIT,465.59,5966.9
2025-09-20,Four by thing agreement husband.,DEBIT,257.65,5709.25
2025-09-20,To plant image course seat woman.,DEBIT,307.53,5401.72
2025-09-20,Six sometimes TV third start thought.,CREDIT,409.56,5811.28
2025-09-20,Attorney husband despite television.,CREDIT,196.22,6007.5
2025-09-20,Score will camera response area.,DEBIT,109.15,5898.35
2025-09-20,Ability least note. Late positive total.,CREDIT,76.86,5975.21
2025-09-20,Bag everybody find important thus family use.,CREDIT,191.1,6166.31
2025-09-20,Paper feeling attack.,CREDIT,441.58,6607.89
2025-09-20,Born matter rich nation summer rise.,CREDIT,53.19,6661.08
2025-09-20,Last still practice kind then doctor.,CREDIT,238.78,6899.86
2025-09-20,Example soldier right morning. Instead lead seek.,DEBIT,118.43,6781.43
2025-09-20,Range effort economy American senior serve.,DEBIT,390.86,6390.57
2025-09-20,Door song wonder purpose away recently choose.,DEBIT,202.65,6187.92
2025-09-20,Perform wife buy pattern well. Good event thing.,DEBIT,240.46,5947.46
2025-09-20,Financial play until yourself campaign.,DEBIT,437.07,5510.39
2025-09-20,Director increase possible success.,DEBIT,191.39,5319.0
2025-09-20,Important note week summer suddenly fight maybe.,DEBIT,270.08,5048.92
2025-09-20,Around itself one six.,CREDIT,367.23,5416.15
