date,description,type,amount,balance
2025-09-20,Base reality young almost.,CREDIT,268.23,3766.23
2025-09-20,Decision few though involve example.,CREDIT,444.72,4210.95
2025-09-20,Guess special military. Message everybody follow.,CREDIT,91.48,4302.43
2025-09-20,Loss not him entire room.,CREDIT,258.26,4560.69
2025-09-20,Garden without team their move.,CREDIT,346.64,4907.33
2025-09-20,Voice blue cover education issue effect.,CREDIT,369.46,5276.79
2025-09-20,Kitchen food service foot number material.,DEBIT,477.83,4798.96
2025-09-20,Season turn three security move compare myself.,CREDIT,299.58,5098.54
2025-09-20,Can garden forget manager.,DEBIT,357.29,4741.25
2025-09-20,Wide without guess.,CREDIT,54.99,4796.24
2025-09-20,Range front material deep quality really save.,DEBIT,353.73,4442.51
2025-09-20,Feel few stuff level. Throw free task view.,CREDIT,433.55,4876.06
2025-09-20,Between type security product kind just great.,CREDIT,103.15,4979.21
2025-09-20,Son certainly later far.,CREDIT,143.78,5122.99
2025-09-20,Push plan low able around hold wall break.,CREDIT,206.27,5329.26
2025-09-20,Bank find town water.,CREDIT,111.27,5440.53
2025-09-20,News believe level Mrs left partner bad.,CREDIT,145.28,5585.81
2025-09-20,Feeling focus drug billion party word case.,DEBIT,137.7,5448.11
2025-09-20,Smile white model their they.,CREDIT,295.99,5744.1
2025-09-20,Process scene way performance key no money.,CREDIT,37.74,5781.84
2025-09-20,True include single occur.,DEBIT,401.33,5380.51
2025-09-20,Forget religious science offer lawyer bad.,DEBIT,147.44,5233.07
2025-09-20,Later area Mr reach.,DEBIT,9.55,5223.52
2025-09-20,Young Mr agree manager study chair.,DEBIT,226.98,4996.54
2025-09-20,Economic north financial.,CREDIT,114.53,5111.07
2025-09-20,You forward especially.,CREDIT,359.25,5470.32
2025-09-20,Red various safe sit word.,DEBIT,404.41,5065.91
2025-09-20,Sea goal will. Help special try down.,DEBIT,8.73,5057.18
2025-09-20,Interview allow film peace create trade lot.,DEBIT,295.9,4761.28
2025-09-20,Hold between front party.,DEBIT,326.93,4434.35
2025-09-20,Event occur night. Here development bar.,DEBIT,211.28,4223.07
