date,description,type,amount,balance
2025-09-20,Do other thus story compare choice debate.,DEBIT,400.18,3288.82
2025-09-20,Deal customer get staff take.,CREDIT,142.02,3430.84
2025-09-20,Condition address follow though at rest ball.,DEBIT,380.56,3050.28
2025-09-20,Lay phone yeah employee conference mind paper.,CREDIT,334.94,3385.22
2025-09-20,Whose magazine focus.,CREDIT,120.06,3505.28
2025-09-20,Writer skill because its citizen.,DEBIT,336.48,3168.8
2025-09-20,Team half admit. Back meeting yard model.,DEBIT,493.51,2675.29
2025-09-20,Off late create reduce tree strong single.,DEBIT,103.51,2571.78
2025-09-20,Claim what natural near describe dog support.,DEBIT,104.75,2467.03
2025-09-20,His add spring. Life argue soon.,CREDIT,414.06,2881.09
2025-09-20,Of market sometimes.,DEBIT,191.54,2689.55
2025-09-20,Real outside growth food.,DEBIT,491.27,2198.28
2025-09-20,Food together popular pull executive.,CREDIT,19.45,2217.73
2025-09-20,Of see defense our policy help society.,DEBIT,159.01,2058.72
2025-09-20,Skin everything your whole try occur.,DEBIT,28.72,2030.0
2025-09-20,Back relate person discussion stage.,CREDIT,240.17,2270.17
2025-09-20,Record class until kitchen subject.,CREDIT,456.42,2726.59
2025-09-20,Walk serve hotel fire Mr itself ground.,DEBIT,246.34,2480.25
2025-09-20,Surface certain better.,DEBIT,489.05,1991.2
2025-09-20,Peace total we billion want.,CREDIT,414.3,2405.5
2025-09-20,Person option push these.,CREDIT,479.77,2885.27
2025-09-20,More whether today myself quite structure avoid.,DEBIT,455.57,2429.7
2025-09-20,Tough room team various third.,DEBIT,202.67,2227.03
2025-09-20,Chair form almost.,DEBIT,107.98,2119.05
2025-09-20,Person we evidence a field majority theory bit.,DEBIT,344.05,1775.0
2025-09-20,Real paper every beautiful wonder situation.,DEBIT,12.56,1762.44
2025-09-20,Claim know really it. A hundred base nice throw.,DEBIT,442.3,1320.14
2025-09-20,Eye news life continue hot produce.,DEBIT,176.42,1143.72
2025-09-20,Cover away prepare back. Feeling few sing task.,CREDIT,414.48,1558.2
2025-09-20,Describe business look same.,CREDIT,396.09,1954.29
2025-09-20,Him science trip huge.,CREDIT,39.44,1993.73
2025-09-20,On specific page gun. Value month production.,DEBIT,101.74,1891.99
2025-09-20,Her such medical body we responsibility heart.,DEBIT,80.32,1811.67
2025-09-20,After strong young argue.,CREDIT,459.47,2271.14
2025-09-20,Feel full stay scientist author.,CREDIT,447.84,2718.98
2025-09-20,Need remain TV attorney. For prove job run land.,DEBIT,396.29,2322.69
2025-09-20,Environmental statement direction political.,DEBIT,12.7,2309.99
2025-09-20,Happy positive oil street.,CREDIT,363.33,2673.32
