date,description,type,amount,balance
2025-09-20,Fly education begin market reveal policy big now.,DEBIT,260.06,2443.94
2025-09-20,Usually deep believe land.,CREDIT,436.32,2880.26
2025-09-20,Difficult paper never serious describe.,DEBIT,392.47,2487.79
2025-09-20,Growth place century research public truth.,CREDIT,499.88,2987.67
2025-09-20,True walk team property recently road down.,DEBIT,200.66,2787.01
2025-09-20,Home phone month sell pattern born.,DEBIT,17.95,2769.06
2025-09-20,Party student after issue room.,CREDIT,287.14,3056.2
2025-09-20,Out teacher another thought.,DEBIT,234.45,2821.75
2025-09-20,Painting defense edge.,CREDIT,394.47,3216.22
2025-09-20,Everything fine among then peace never eat.,DEBIT,133.77,3082.45
2025-09-20,Manage view hand instead charge until cause team.,DEBIT,491.74,2590.71
2025-09-20,Create probably able leg Democrat.,DEBIT,257.53,2333.18
2025-09-20,Billion serious machine.,CREDIT,156.4,2489.58
2025-09-20,Performance good reflect move.,DEBIT,44.02,2445.56
2025-09-20,Statement analysis remember whether late little.,CREDIT,409.58,2855.14
2025-09-20,Add force issue thank image hair TV approach.,DEBIT,123.65,2731.49
2025-09-20,Movie sit region media name.,DEBIT,265.37,2466.12
2025-09-20,Maybe paper thing improve child table.,DEBIT,142.51,2323.61
2025-09-20,Owner situation tax allow beautiful purpose.,DEBIT,132.82,2190.79
2025-09-20,Cover community possible way.,CREDIT,254.78,2445.57
2025-09-20,Travel for huge cell effort both world.,DEBIT,206.7,2238.87
2025-09-20,Step some Congress so within.,DEBIT,390.11,1848.76
2025-09-20,Mr budget affect significant return side.,CREDIT,188.01,2036.77
2025-09-20,Idea age commercial new structure.,DEBIT,380.06,1656.71
2025-09-20,Trade difficult PM sure myself.,CREDIT,103.36,1760.07
2025-09-20,Skin may leg year. Civil order outside whose boy.,DEBIT,60.58,1699.49
2025-09-20,Message without reduce center mean each national.,DEBIT,496.65,1202.84
2025-09-20,Begin how right eight into finally.,CREDIT,389.63,1592.47
2025-09-20,Out pretty no through tell data professor.,CREDIT,339.89,1932.36
