date,description,type,amount,balance
2025-09-20,Break also allow sea mention little.,CREDIT,368.25,8088.25
2025-09-20,Against ball administration expect remain west.,DEBIT,410.61,7677.64
2025-09-20,According choose our and scientist.,CREDIT,269.25,7946.89
2025-09-20,Meeting ten paper action social someone.,CREDIT,166.56,8113.45
2025-09-20,Manage exactly together.,DEBIT,291.6,7821.85
2025-09-20,Some music toward care certainly read research.,CREDIT,384.17,8206.02
2025-09-20,Reason thing I account city cost require.,DEBIT,480.93,7725.09
2025-09-20,Term learn word gas well around after.,CREDIT,355.72,8080.81
2025-09-20,All quickly act concern campaign water public.,DEBIT,475.88,7604.93
2025-09-20,Though same kid American later east within.,DEBIT,466.73,7138.2
2025-09-20,Item ahead fine.,CREDIT,192.21,7330.41
2025-09-20,Term air dog campaign energy.,CREDIT,52.4,7382.81
2025-09-20,Work moment name strong in get.,DEBIT,19.83,7362.98
2025-09-20,Every necessary he science.,CREDIT,367.16,7730.14
2025-09-20,Safe week mind discussion.,DEBIT,73.14,7657.0
2025-09-20,Local group approach action hold do.,CREDIT,344.65,8001.65
2025-09-20,Perform meeting lose sell forget single.,DEBIT,451.61,7550.04
2025-09-20,Know simply stuff. Himself middle store since.,CREDIT,474.32,8024.36
2025-09-20,High way church history avoid only.,CREDIT,123.56,8147.92
2025-09-20,Whole machine PM easy.,CREDIT,412.75,8560.67
2025-09-20,Capital little itself.,CREDIT,250.44,8811.11
2025-09-20,However pick scene alone wrong.,CREDIT,14.5,8825.61
2025-09-20,Send most my.,CREDIT,278.58,9104.19
2025-09-20,Air society professional type. Ten example do.,DEBIT,439.65,8664.54
2025-09-20,Often force your.,DEBIT,311.89,8352.65
2025-09-20,What always season soldier.,CREDIT,258.87,8611.52
2025-09-20,Green white form together again.,CREDIT,342.0,8953.52
2025-09-20,Check any against else.,CREDIT,456.99,9410.51
2025-09-20,Though ready call hit popular man.,DEBIT,96.45,9314.06
2025-09-20,Health thing current foreign.,DEBIT,124.48,9189.58
2025-09-20,So later sit issue oil coach tend.,CREDIT,238.92,9428.5
2025-09-20,Way reduce physical mission.,CREDIT,299.97,9728.47
2025-09-20,Right far decision watch government situation.,CREDIT,424.52,10152.99
2025-09-20,Evening TV thus heart.,DEBIT,399.91,9753.08
