date,description,type,amount,balance
2025-09-20,Wrong feel other message box live raise them.,DEBIT,305.17,2646.83
2025-09-20,Very day experience leg.,DEBIT,288.49,2358.34
2025-09-20,Else media keep nation suggest painting.,DEBIT,228.57,2129.77
2025-09-20,Hour difficult president able usually forget.,DEBIT,31.11,2098.66
2025-09-20,Successful class drug process understand.,CREDIT,267.63,2366.29
2025-09-20,Pm approach miss hope. Treat game direction.,DEBIT,383.94,1982.35
2025-09-20,Quickly debate majority receive administration.,DEBIT,214.56,1767.79
2025-09-20,Build home citizen alone throw say.,CREDIT,68.96,1836.75
2025-09-20,Note low hotel cost sister price suffer.,CREDIT,146.62,1983.37
2025-09-20,Provide answer use everybody.,DEBIT,406.13,1577.24
2025-09-20,Process speak Congress reduce view.,DEBIT,191.47,1385.77
2025-09-20,Find enter I bed pressure dog low.,DEBIT,486.76,899.01
2025-09-20,Dinner four computer day.,DEBIT,360.15,538.86
2025-09-20,Decide form foot Democrat edge field.,CREDIT,368.18,907.04
2025-09-20,Large discussion technology involve.,CREDIT,237.36,1144.4
2025-09-20,Room radio course ever.,DEBIT,412.36,732.04
2025-09-20,Make serve low color book majority conference.,CREDIT,427.07,1159.11
2025-09-20,Your total family do school information system.,CREDIT,106.62,1265.73
2025-09-20,Often send eight our.,DEBIT,201.53,1064.2
2025-09-20,Learn create once east wall.,CREDIT,45.18,1109.38
2025-09-20,Increase hour green second yourself.,DEBIT,404.27,705.11
2025-09-20,Mrs onto instead travel site important fight.,DEBIT,439.39,265.72
2025-09-20,Medical these understand life.,DEBIT,457.16,-191.44
2025-09-20,Plant stage goal entire.,CREDIT,301.44,110.0
2025-09-20,Property or system call decade outside three.,CREDIT,323.91,433.91
2025-09-20,Whose now picture debate else difference.,DEBIT,412.8,21.11
2025-09-20,Place street law without arm exist I money.,DEBIT,328.69,-307.58
2025-09-20,Team someone final oil result stay stage set.,CREDIT,148.13,-159.45
2025-09-20,Exist present go commercial kitchen example.,DEBIT,117.89,-277.34
2025-09-20,Statement south nearly.,CREDIT,316.58,39.24
2025-09-20,Situation will travel none lawyer.,CREDIT,188.73,227.97
2025-09-20,Themselves natural during fly open sense.,DEBIT,425.27,-197.3
2025-09-20,Career letter us nice Congress.,DEBIT,386.8,-584.1
2025-09-20,Before can science look meeting any these.,DEBIT,497.83,-1081.93
2025-09-20,Water box international manager easy husband.,DEBIT,188.13,-1270.06
2025-09-20,Part this trouble chair.,CREDIT,351.8,-918.26
2025-09-20,Too they need interview way.,CREDIT,373.2,-545.06
2025-09-20,Agency arm always build east son.,DEBIT,151.82,-696.88
2025-09-20,Moment great require able build hot market to.,DEBIT,101.64,-798.52
2025-09-20,Cell body in fund. Now arm base just.,CREDIT,209.55,-588.97
