date,description,type,amount,balance
2025-09-20,Mouth finish science try work thousand.,DEBIT,47.32,4183.68
2025-09-20,Mr just building response.,DEBIT,398.21,3785.47
2025-09-20,All whose statement later everything effort.,DEBIT,68.48,3716.99
2025-09-20,Report material who thus there test.,CREDIT,107.06,3824.05
2025-09-20,Reality treat against everybody government.,CREDIT,262.57,4086.62
2025-09-20,Since physical question body visit impact.,DEBIT,147.28,3939.34
2025-09-20,Majority and serious serve.,CREDIT,301.02,4240.36
2025-09-20,A understand set indeed month.,CREDIT,248.82,4489.18
2025-09-20,Create remain miss challenge why peace.,CREDIT,53.83,4543.01
2025-09-20,Live really owner call forward.,DEBIT,281.72,4261.29
2025-09-20,Series career sea care painting from.,CREDIT,223.69,4484.98
2025-09-20,Make which business nothing.,CREDIT,109.55,4594.53
2025-09-20,Natural sing fight term plan.,DEBIT,427.27,4167.26
2025-09-20,Too grow move spend case day help.,CREDIT,108.42,4275.68
2025-09-20,Among policy rate. For another say modern.,DEBIT,423.07,3852.61
2025-09-20,Garden center cut shake ahead country well.,CREDIT,12.78,3865.39
2025-09-20,Animal situation sometimes local hour.,DEBIT,392.53,3472.86
2025-09-20,Range star until weight citizen each.,DEBIT,418.02,3054.84
2025-09-20,Collection option move without sound.,CREDIT,17.32,3072.16
2025-09-20,Weight a you team role business.,DEBIT,308.18,2763.98
2025-09-20,Western north yes paper room line.,DEBIT,359.93,2404.05
2025-09-20,Statement director couple none decade shoulder.,CREDIT,2.33,2406.38
2025-09-20,Reduce tough could pull.,CREDIT,475.38,2881.76
2025-09-20,Tax cultural choose control.,CREDIT,415.42,3297.18
2025-09-20,Data say foot price agency. Cost film Mr try.,CREDIT,435.9,3733.08
2025-09-20,They official wide hotel either.,CREDIT,308.12,4041.2
2025-09-20,Fight learn visit without these away heart.,CREDIT,210.02,4251.22
2025-09-20,Life offer piece industry cost truth scene along.,CREDIT,266.48,4517.7
2025-09-20,Early down air walk four.,CREDIT,372.35,4890.05
2025-09-20,Office author describe whole certain.,CREDIT,130.58,5020.63
2025-09-20,Reflect truth small discuss account.,DEBIT,347.42,4673.21
2025-09-20,Accept process tax discuss sense worker air.,DEBIT,8.77,4664.44
2025-09-20,Security when teach war call president.,DEBIT,375.66,4288.78
2025-09-20,Again name fall father call candidate much.,CREDIT,458.49,4747.27
2025-09-20,Head exactly property however wear treat.,CREDIT,86.72,4833.99
2025-09-20,Rock myself respond.,CREDIT,201.82,5035.81
2025-09-20,Expert production animal none room.,CREDIT,439.79,5475.6
2025-09-20,Mission glass forget painting break quality look.,DEBIT,489.3,4986.3
2025-09-20,Computer great size character.,CREDIT,379.7,5366.0
2025-09-20,Push only interview easy impact health play.,DEBIT,121.09,5244.91
2025-09-20,Several site capital daughter really.,DEBIT,31.93,5212.98
2025-09-20,Common often black art modern civil.,CREDIT,389.02,5602.0
2025-09-20,Continue maybe move laugh free.,CREDIT,291.9,5893.9
2025-09-20,Today actually very talk without forget.,CREDIT,24.57,5918.47
