date,description,type,amount,balance
2025-09-20,World finish mouth fast fish statement.,DEBIT,415.01,5068.99
2025-09-20,Modern executive power prove performance peace.,CREDIT,373.58,5442.57
2025-09-20,Leader kid choice save.,DEBIT,399.17,5043.4
2025-09-20,Significant decide him half.,CREDIT,54.96,5098.36
2025-09-20,Week type outside while all.,DEBIT,444.24,4654.12
2025-09-20,Enter direction director key show couple.,DEBIT,266.64,4387.48
2025-09-20,Feeling international radio available heart.,DEBIT,100.47,4287.01
2025-09-20,Speak own include.,DEBIT,383.21,3903.8
2025-09-20,Receive western true its.,CREDIT,495.15,4398.95
2025-09-20,Capital identify area need season figure little.,CREDIT,36.23,4435.18
2025-09-20,Maintain bed off cultural performance war eat.,CREDIT,44.09,4479.27
2025-09-20,Trial newspaper show piece.,DEBIT,475.54,4003.73
2025-09-20,Pattern appear yard forget. Gun cell half their.,CREDIT,3.56,4007.29
2025-09-20,Hand apply picture clearly do region.,CREDIT,415.71,4423.0
2025-09-20,Appear focus answer artist.,DEBIT,60.07,4362.93
2025-09-20,Detail speak child class.,DEBIT,174.91,4188.02
2025-09-20,Alone she letter ability number.,CREDIT,174.27,4362.29
2025-09-20,Religious require people include mind south.,DEBIT,56.07,4306.22
2025-09-20,Play treatment baby remain TV benefit coach.,CREDIT,182.84,4489.06
2025-09-20,Top program exist produce director.,CREDIT,86.69,4575.75
2025-09-20,Picture not that million crime expect can.,CREDIT,84.62,4660.37
2025-09-20,Always hand few model.,DEBIT,326.09,4334.28
2025-09-20,Race rate month.,DEBIT,241.06,4093.22
2025-09-20,Stuff dark task cost break.,DEBIT,68.4,4024.82
2025-09-20,Pull head media themselves large decide.,CREDIT,170.77,4195.59
2025-09-20,Deep teacher defense amount return firm.,CREDIT,412.52,4608.11
2025-09-20,Despite institution financial car baby why.,CREDIT,35.2,4643.31
2025-09-20,Include third rule challenge.,CREDIT,359.86,5003.17
2025-09-20,Shoulder sure among through door.,CREDIT,97.5,5100.67
2025-09-20,Another eye every market fine.,DEBIT,262.82,4837.85
2025-09-20,Risk especially usually might.,CREDIT,11.93,4849.78
2025-09-20,Recent become choice reality suffer each.,CREDIT,305.42,5155.2
2025-09-20,But paper involve glass.,CREDIT,43.79,5198.99
2025-09-20,Exist worry oil arm meeting determine visit.,CREDIT,248.1,5447.09
2025-09-20,Owner actually task ask.,CREDIT,490.76,5937.85
2025-09-20,Whether true community order discussion teach ok.,DEBIT,111.42,5826.43
2025-09-20,Over economy set. Hope result everything land.,CREDIT,293.86,6120.29
2025-09-20,Mention prevent three hit.,CREDIT,189.59,6309.88
2025-09-20,Action save bad save change.,CREDIT,253.71,6563.59
2025-09-20,Kitchen military staff important.,CREDIT,130.77,6694.36
2025-09-20,All word which health.,DEBIT,271.58,6422.78
2025-09-20,Same something become enter.,CREDIT,429.33,6852.11
2025-09-20,Contain toward according one wear since federal.,DEBIT,409.39,6442.72
2025-09-20,Upon quality lawyer. Sometimes moment after know.,CREDIT,360.6,6803.32
2025-09-20,Sister card significant price.,DEBIT,126.89,6676.43
2025-09-20,Art your structure century book born fund.,DEBIT,55.56,6620.87
2025-09-20,Speech necessary in official guess never.,DEBIT,305.17,6315.7
2025-09-20,Friend dog skin oil after whom. Wife son down.,DEBIT,234.61,6081.09
2025-09-20,Argue sister tend everybody enough.,DEBIT,496.33,5584.76
2025-09-20,Economic western moment clear.,DEBIT,365.35,5219.41
