date,description,type,amount,balance
2025-09-20,Might seek road. Those wide get it accept never.,DEBIT,123.98,5964.02
2025-09-20,Analysis international note marriage.,DEBIT,418.71,5545.31
2025-09-20,Side be difficult generation little body.,DEBIT,105.6,5439.71
2025-09-20,Have keep first tough happen tree join.,CREDIT,292.1,5731.81
2025-09-20,Land let you visit check.,CREDIT,106.52,5838.33
2025-09-20,Wait program president prepare region positive.,DEBIT,102.85,5735.48
2025-09-20,Great raise top less citizen staff happen method.,DEBIT,180.25,5555.23
2025-09-20,Street still machine learn decide then too.,CREDIT,418.02,5973.25
2025-09-20,Herself drop plant.,DEBIT,160.69,5812.56
2025-09-20,Camera decide company seven production.,CREDIT,296.12,6108.68
2025-09-20,City that example structure one return kitchen.,DEBIT,313.83,5794.85
2025-09-20,Attention where throw scene.,CREDIT,134.93,5929.78
2025-09-20,Personal season fight sit relationship line cost.,CREDIT,51.85,5981.63
2025-09-20,Sell behind cover ago movie agent close alone.,CREDIT,366.32,6347.95
2025-09-20,Down anything movie difficult strong.,DEBIT,111.86,6236.09
2025-09-20,Life what should.,DEBIT,451.9,5784.19
2025-09-20,Air exactly there public.,CREDIT,371.42,6155.61
2025-09-20,Look agent them than.,CREDIT,90.49,6246.1
2025-09-20,Writer modern use however everybody stuff.,CREDIT,309.17,6555.27
2025-09-20,Unit air modern both indeed.,DEBIT,384.46,6170.81
2025-09-20,Yard once budget. Dark must along capital.,CREDIT,492.41,6663.22
2025-09-20,Population discussion force serious accept.,DEBIT,45.57,6617.65
2025-09-20,General strong animal fast hotel let.,CREDIT,418.76,7036.41
2025-09-20,Better fine age deal blood throughout.,CREDIT,438.14,7474.55
2025-09-20,Piece once education do.,CREDIT,484.54,7959.09
2025-09-20,Wall sense send edge top. Figure right wall.,CREDIT,125.71,8084.8
2025-09-20,Side old meet human believe case.,CREDIT,76.75,8161.55
2025-09-20,Drive work attack staff reality body vote.,CREDIT,359.68,8521.23
2025-09-20,Total foreign answer town specific book enjoy.,DEBIT,304.71,8216.52
2025-09-20,Summer one pick test. Nearly under much maintain.,CREDIT,488.81,8705.33
2025-09-20,Right pretty dinner it.,DEBIT,412.82,8292.51
2025-09-20,Else common left.,DEBIT,253.9,8038.61
2025-09-20,Health rock mother affect human.,CREDIT,179.02,8217.63
2025-09-20,Expert yeah event green.,CREDIT,325.87,8543.5
2025-09-20,Term role car suffer. Cause keep add even.,DEBIT,29.1,8514.4
2025-09-20,They daughter the make.,CREDIT,72.63,8587.03
2025-09-20,Relate father visit staff serious.,DEBIT,298.81,8288.22
2025-09-20,Perform voice over score.,CREDIT,373.63,8661.85
2025-09-20,Language rock citizen law write just myself.,CREDIT,392.4,9054.25
2025-09-20,More leave fact ago.,DEBIT,461.02,8593.23
2025-09-20,Dark agency space difficult house.,CREDIT,213.52,8806.75
