date,description,type,amount,balance
2025-09-20,Environmental couple however everybody class.,DEBIT,420.39,620.61
2025-09-20,Notice start allow may trial throw.,DEBIT,76.43,544.18
2025-09-20,Human sense learn rest goal training board pay.,CREDIT,54.0,598.18
2025-09-20,Health half away hear step point explain.,DEBIT,131.04,467.14
2025-09-20,Serve boy protect.,CREDIT,94.5,561.64
2025-09-20,For call none think goal paper.,CREDIT,364.54,926.18
2025-09-20,Speech while visit sense.,DEBIT,3.39,922.79
2025-09-20,Cup character just everyone player turn.,CREDIT,409.41,1332.2
2025-09-20,If executive Mrs last food hit.,CREDIT,71.05,1403.25
2025-09-20,Score table everybody several too explain.,CREDIT,203.94,1607.19
2025-09-20,Especially house fine product white.,CREDIT,459.71,2066.9
2025-09-20,Eight suggest edge down continue.,CREDIT,134.46,2201.36
2025-09-20,Officer result better.,DEBIT,407.14,1794.22
2025-09-20,Hear the former foot per town shake.,CREDIT,406.58,2200.8
2025-09-20,Rest coach medical.,DEBIT,493.64,1707.16
2025-09-20,Particular box drop.,CREDIT,189.23,1896.39
2025-09-20,Day growth away onto raise.,DEBIT,451.34,1445.05
2025-09-20,It place agent who tend end maybe.,CREDIT,19.83,1464.88
2025-09-20,Policy find blood always enjoy least act either.,DEBIT,57.19,1407.69
2025-09-20,Toward rest dream enjoy.,DEBIT,242.62,1165.07
2025-09-20,Affect simply radio game question.,CREDIT,250.29,1415.36
2025-09-20,Memory music company present that.,DEBIT,317.5,1097.86
2025-09-20,Trade poor quickly course dream build.,DEBIT,256.4,841.46
2025-09-20,Ground question task that foot.,DEBIT,481.51,359.95
2025-09-20,Recognize however certainly continue.,DEBIT,369.02,-9.07
2025-09-20,Hold skill color under whole rate.,CREDIT,154.0,144.93
2025-09-20,Create whatever new we shake.,DEBIT,293.12,-148.19
2025-09-20,Order pick article charge agreement structure.,CREDIT,124.87,-23.32
2025-09-20,Trouble specific run herself major.,DEBIT,273.03,-296.35
2025-09-20,Hand senior future true sure accept understand.,DEBIT,121.97,-418.32
2025-09-20,Really media from step figure.,DEBIT,227.72,-646.04
2025-09-20,Wall within since put fine billion.,CREDIT,455.84,-190.2
2025-09-20,Product yeah wife partner cell according.,DEBIT,150.1,-340.3
2025-09-20,Ball smile once arm tax.,CREDIT,398.44,58.14
2025-09-20,Trial dark each TV again sometimes system.,DEBIT,89.9,-31.76
2025-09-20,The policy part left can whatever star positive.,CREDIT,437.12,405.36
2025-09-20,Available PM present vote.,DEBIT,60.29,345.07
2025-09-20,Create allow heart than dark world surface.,CREDIT,404.54,749.61
2025-09-20,Too than computer financial.,CREDIT,152.88,902.49
2025-09-20,Card piece different big. Also get speak.,CREDIT,84.14,986.63
2025-09-20,Sing if environment drive.,DEBIT,182.98,803.65
2025-09-20,Talk development positive ten.,DEBIT,191.88,611.77
2025-09-20,Assume happen store morning.,DEBIT,9.32,602.45
2025-09-20,Pull machine happen. Current million far economy.,DEBIT,263.01,339.44
2025-09-20,Would when pattern eye.,DEBIT,179.85,159.59
2025-09-20,Major she newspaper part agency soldier.,DEBIT,316.54,-156.95
2025-09-20,End be adult take again.,CREDIT,68.58,-88.37
2025-09-20,Back each value near seven same down.,DEBIT,460.28,-548.65
2025-09-20,General part store. Act surface bring deal.,DEBIT,473.15,-1021.8
