date,description,type,amount,balance
2025-09-20,Student see anything responsibility.,CREDIT,455.59,5793.59
2025-09-20,As not take. Spend low fish.,CREDIT,175.42,5969.01
2025-09-20,Cost keep keep change she enter sea.,CREDIT,156.48,6125.49
2025-09-20,Answer edge simply news success low.,CREDIT,246.49,6371.98
2025-09-20,Real try accept white Democrat full.,CREDIT,351.89,6723.87
2025-09-20,Amount every over final.,DEBIT,117.17,6606.7
2025-09-20,Culture house both population matter.,DEBIT,250.52,6356.18
2025-09-20,Between against war artist part check while rate.,DEBIT,289.98,6066.2
2025-09-20,Minute reach too drug for.,CREDIT,115.64,6181.84
2025-09-20,Here time war itself region behind take.,DEBIT,356.24,5825.6
2025-09-20,Huge general eye author manage watch.,DEBIT,72.81,5752.79
2025-09-20,Fire receive address.,DEBIT,79.75,5673.04
2025-09-20,Case not southern year government example easy.,DEBIT,389.11,5283.93
2025-09-20,Old develop social value occur main authority.,CREDIT,351.98,5635.91
2025-09-20,Film all give race whose.,DEBIT,309.46,5326.45
2025-09-20,Air live let place anything dog.,DEBIT,35.21,5291.24
2025-09-20,Present career or likely really behind.,CREDIT,438.44,5729.68
2025-09-20,Alone government especially in lead.,DEBIT,285.89,5443.79
2025-09-20,Each team course shoulder.,DEBIT,325.71,5118.08
2025-09-20,Whether conference job.,CREDIT,151.1,5269.18
2025-09-20,Career good whole professor.,CREDIT,413.25,5682.43
2025-09-20,Order management number new you best.,DEBIT,254.15,5428.28
2025-09-20,Baby answer meeting stuff.,DEBIT,319.03,5109.25
2025-09-20,Important lead old. Fight degree pressure rise.,DEBIT,147.14,4962.11
2025-09-20,History himself official.,DEBIT,227.48,4734.63
2025-09-20,Reality bar sea.,DEBIT,384.68,4349.95
2025-09-20,Day far Congress leader respond involve.,DEBIT,400.73,3949.22
2025-09-20,Just full usually you who laugh.,CREDIT,268.22,4217.44
