date,description,type,amount,balance
2025-09-20,His table go news personal right.,DEBIT,288.79,1114.21
2025-09-20,Along sound culture stop require.,CREDIT,61.57,1175.78
2025-09-20,Couple to law.,CREDIT,174.11,1349.89
2025-09-20,See method dinner read perform.,CREDIT,8.93,1358.82
2025-09-20,Activity enough child decision page.,CREDIT,451.82,1810.64
2025-09-20,Wide chair five method ball to.,DEBIT,138.54,1672.1
2025-09-20,Well the easy floor fish company.,DEBIT,363.95,1308.15
2025-09-20,Break best beyond war trade.,DEBIT,58.46,1249.69
2025-09-20,Same degree event forget job Mr.,DEBIT,348.39,901.3
2025-09-20,Over serve moment air.,CREDIT,100.94,1002.24
2025-09-20,Data order thousand protect be lead.,CREDIT,292.36,1294.6
2025-09-20,Various none bar. Responsibility state fine.,DEBIT,60.6,1234.0
2025-09-20,Young those rule remember treat whole.,DEBIT,118.11,1115.89
2025-09-20,Issue room hand might southern watch its.,DEBIT,447.4,668.49
2025-09-20,Ever property last rest action professor girl.,DEBIT,278.32,390.17
2025-09-20,Behavior market month sure successful minute.,CREDIT,10.78,400.95
2025-09-20,Great heavy send for stand.,DEBIT,74.13,326.82
2025-09-20,No war kitchen. Your hundred probably agent.,CREDIT,54.46,381.28
2025-09-20,Talk off similar could prepare amount nor.,CREDIT,80.4,461.68
2025-09-20,Speak type miss.,CREDIT,247.94,709.62
2025-09-20,Available six drug successful.,CREDIT,241.94,951.56
2025-09-20,Republican land yes night. Decide world young.,CREDIT,492.49,1444.05
2025-09-20,Others sea sense develop power back table way.,DEBIT,17.82,1426.23
2025-09-20,Interview consumer decide lay buy debate.,CREDIT,3.28,1429.51
2025-09-20,Business or herself election interest benefit.,DEBIT,106.16,1323.35
2025-09-20,Within over together program evidence.,CREDIT,111.87,1435.22
2025-09-20,Enter against act full black.,DEBIT,328.59,1106.63
2025-09-20,Probably charge other prepare middle life area.,CREDIT,305.8,1412.43
2025-09-20,Skin between especially.,CREDIT,8.36,1420.79
2025-09-20,Network else sure real event service think.,CREDIT,438.1,1858.89
2025-09-20,Herself particularly night.,DEBIT,159.79,1699.1
2025-09-20,Subject write senior both rich.,DEBIT,164.39,1534.71
2025-09-20,Ready international on air.,CREDIT,443.19,1977.9
2025-09-20,Piece other fish. Whole election feeling.,CREDIT,480.18,2458.08
2025-09-20,Fight news course serve.,DEBIT,354.46,2103.62
2025-09-20,Member trade end.,CREDIT,345.04,2448.66
2025-09-20,Seek state author into.,DEBIT,34.3,2414.36
2025-09-20,A analysis community hundred young him sure.,CREDIT,273.61,2687.97
2025-09-20,Although here unit. Total month call.,DEBIT,232.79,2455.18
2025-09-20,Next trial recently region section.,DEBIT,450.47,2004.71
2025-09-20,Human wish paper bag.,CREDIT,332.92,2337.63
2025-09-20,Allow instead or another professional conference.,DEBIT,41.43,2296.2
2025-09-20,Play fear section success range up.,DEBIT,286.54,2009.66
