date,description,type,amount,balance
2025-09-20,Production us data five still hundred.,DEBIT,224.25,1503.75
2025-09-20,Special wall single side view.,CREDIT,51.18,1554.93
2025-09-20,Prove science almost enter.,CREDIT,179.82,1734.75
2025-09-20,Situation term young into agency experience.,CREDIT,172.14,1906.89
2025-09-20,His southern face force economy authority.,CREDIT,45.18,1952.07
2025-09-20,Training follow cover himself.,CREDIT,330.64,2282.71
2025-09-20,Top imagine could who process treat loss ball.,CREDIT,249.61,2532.32
2025-09-20,Amount improve save baby right program.,DEBIT,335.24,2197.08
2025-09-20,The others space perform.,CREDIT,178.64,2375.72
2025-09-20,Mission customer add leader.,DEBIT,344.63,2031.09
2025-09-20,Tonight energy by season.,CREDIT,243.6,2274.69
2025-09-20,Choose never draw type. Push trial model.,DEBIT,28.58,2246.11
2025-09-20,Onto picture American that hotel whole month.,DEBIT,46.94,2199.17
2025-09-20,Education kid determine someone.,DEBIT,376.68,1822.49
2025-09-20,More finish few billion.,DEBIT,68.44,1754.05
2025-09-20,Bag detail service movement executive.,CREDIT,427.23,2181.28
2025-09-20,Win help case no. Assume another suggest network.,DEBIT,402.86,1778.42
2025-09-20,Increase future police everything wall.,CREDIT,154.74,1933.16
2025-09-20,Manage college night low hundred.,DEBIT,491.07,1442.09
2025-09-20,Idea wait whose talk nation seat.,CREDIT,244.5,1686.59
2025-09-20,Able behavior every specific wear wish near.,CREDIT,289.8,1976.39
2025-09-20,Option individual good subject minute.,DEBIT,198.68,1777.71
2025-09-20,Heart rise run with.,DEBIT,290.34,1487.37
2025-09-20,Receive majority little meeting room collection.,DEBIT,100.76,1386.61
2025-09-20,Allow similar including officer.,CREDIT,48.8,1435.41
2025-09-20,Leave week realize audience name rock.,DEBIT,26.48,1408.93
2025-09-20,Management customer author peace democratic.,CREDIT,414.38,1823.31
