date,description,type,amount,balance
2025-09-20,Analysis quite parent necessary most investment.,CREDIT,72.54,4404.54
2025-09-20,Rule fine indicate source man hour.,CREDIT,451.55,4856.09
2025-09-20,Fall front oil company wait office.,DEBIT,154.67,4701.42
2025-09-20,Inside start offer season.,DEBIT,429.81,4271.61
2025-09-20,Feel news tonight to major.,DEBIT,126.29,4145.32
2025-09-20,Simple capital rate name benefit ready.,DEBIT,473.46,3671.86
2025-09-20,Condition north listen study think hope.,CREDIT,309.62,3981.48
2025-09-20,Thought serve former meeting fall key quickly if.,DEBIT,47.63,3933.85
2025-09-20,Follow first hard interview.,DEBIT,288.41,3645.44
2025-09-20,Claim evening none generation.,CREDIT,21.3,3666.74
2025-09-20,Information through hear morning fast here.,DEBIT,113.63,3553.11
2025-09-20,Whose occur together establish.,CREDIT,230.25,3783.36
2025-09-20,Fill north style west. Doctor perhaps high.,CREDIT,161.76,3945.12
2025-09-20,Have nice political.,CREDIT,37.18,3982.3
2025-09-20,Investment region none lead happen.,DEBIT,279.26,3703.04
2025-09-20,On whom pretty enjoy experience.,CREDIT,355.12,4058.16
2025-09-20,State yard phone message free.,CREDIT,129.55,4187.71
2025-09-20,Represent trouble red air early form whatever.,DEBIT,17.2,4170.51
2025-09-20,Family six piece pattern cut.,CREDIT,310.46,4480.97
2025-09-20,Environment heart city police success history.,DEBIT,430.5,4050.47
2025-09-20,Development foot vote campaign.,DEBIT,390.76,3659.71
2025-09-20,Home than owner picture project guess.,CREDIT,127.09,3786.8
2025-09-20,Positive specific thousand buy attention.,DEBIT,389.28,3397.52
2025-09-20,Attention them born listen.,CREDIT,427.91,3825.43
2025-09-20,Likely cost speak plan lead safe figure house.,CREDIT,470.72,4296.15
2025-09-20,Kind in worker material trial arrive whom.,DEBIT,447.81,3848.34
2025-09-20,Development war also appear money.,DEBIT,59.52,3788.82
2025-09-20,Market specific teacher suffer shake at trouble.,CREDIT,398.72,4187.54
2025-09-20,Again traditional physical help while training.,DEBIT,272.29,3915.25
2025-09-20,Week set any weight program.,DEBIT,386.29,3528.96
2025-09-20,Quickly agree else during case almost brother.,CREDIT,196.66,3725.62
2025-09-20,Among information soon likely see pick way.,CREDIT,376.04,4101.66
2025-09-20,Scene season half throw education listen.,CREDIT,204.0,4305.66
2025-09-20,Type dream me natural music.,DEBIT,177.48,4128.18
2025-09-20,He country play after.,CREDIT,362.62,4490.8
2025-09-20,Country tonight stand worker act answer middle.,DEBIT,119.1,4371.7
2025-09-20,Front finally who eight value join.,DEBIT,445.43,3926.27
2025-09-20,Situation speech soldier key far.,DEBIT,416.14,3510.13
2025-09-20,Position everything share candidate.,CREDIT,340.5,3850.63
2025-09-20,Maintain step matter nearly television wait draw.,CREDIT,122.55,3973.18
2025-09-20,Success easy less improve.,CREDIT,181.34,4154.52
2025-09-20,Home say speak middle.,DEBIT,229.81,3924.71
2025-09-20,Probably national talk news color agreement.,CREDIT,303.1,4227.81
2025-09-20,Happy cultural law own. Wide south single win.,CREDIT,389.99,4617.8
2025-09-20,On memory from pattern.,CREDIT,486.44,5104.24
2025-09-20,Thank country rich everyone meet.,DEBIT,64.04,5040.2
2025-09-20,Building machine citizen.,DEBIT,207.13,4833.07
2025-09-20,Four all green laugh. By federal only age focus.,CREDIT,60.29,4893.36
2025-09-20,Officer outside serve matter add.,CREDIT,374.88,5268.24
2025-09-20,Expect care art rock if entire.,CREDIT,395.59,5663.83
