date,description,type,amount,balance
2025-09-20,Hundred expect front wide.,DEBIT,281.83,6657.17
2025-09-20,One land stock say fight some start.,CREDIT,353.28,7010.45
2025-09-20,Art range party free article imagine.,DEBIT,114.84,6895.61
2025-09-20,Performance training practice relationship occur.,CREDIT,481.89,7377.5
2025-09-20,Choose build reach effect office hot.,DEBIT,18.97,7358.53
2025-09-20,Window human peace nation data picture.,DEBIT,447.45,6911.08
2025-09-20,Ago surface feel vote agent sort involve.,CREDIT,117.36,7028.44
2025-09-20,Many site news term. Nor fire toward.,DEBIT,235.85,6792.59
2025-09-20,During here grow child hotel.,CREDIT,440.74,7233.33
2025-09-20,Have blue major speech.,CREDIT,255.99,7489.32
2025-09-20,Camera officer thus society low.,DEBIT,231.52,7257.8
2025-09-20,Hard mean soldier assume house on.,CREDIT,200.44,7458.24
2025-09-20,Us above trial gas whose material.,DEBIT,60.66,7397.58
2025-09-20,Garden then high bag term the.,CREDIT,316.61,7714.19
2025-09-20,President explain policy resource.,CREDIT,36.95,7751.14
2025-09-20,Pressure cause mother region bad risk especially.,CREDIT,49.44,7800.58
2025-09-20,Professional nearly sport simple including.,DEBIT,179.4,7621.18
2025-09-20,Skill past recognize quickly also picture.,DEBIT,85.34,7535.84
2025-09-20,Pattern also arm.,DEBIT,222.37,7313.47
2025-09-20,You its garden would professor score cell three.,DEBIT,61.14,7252.33
2025-09-20,Human official low box strong community.,CREDIT,113.18,7365.51
2025-09-20,Authority century several area.,DEBIT,349.39,7016.12
2025-09-20,Church though opportunity worker they memory.,CREDIT,476.16,7492.28
2025-09-20,Prepare I commercial let reduce main.,DEBIT,310.29,7181.99
2025-09-20,Trip drive result party owner.,DEBIT,420.71,6761.28
2025-09-20,Law fund staff agent truth sing especially.,DEBIT,76.22,6685.06
2025-09-20,May toward whole medical gun within.,CREDIT,81.78,6766.84
2025-09-20,Magazine wonder remember while former personal.,CREDIT,70.3,6837.14
2025-09-20,City party miss his account make care.,CREDIT,269.98,7107.12
2025-09-20,Television maybe difference around.,DEBIT,397.95,6709.17
2025-09-20,Win five plant give easy understand.,CREDIT,424.52,7133.69
2025-09-20,Key over each task very pass.,DEBIT,31.91,7101.78
2025-09-20,Full mouth main result conference feel.,DEBIT,234.42,6867.36
2025-09-20,Career police type.,CREDIT,323.17,7190.53
