date,description,type,amount,balance
2025-09-20,Score fish too impact speech.,CREDIT,18.79,7278.79
2025-09-20,Speak speak receive. But value body other.,CREDIT,349.3,7628.09
2025-09-20,Relationship general owner.,DEBIT,321.58,7306.51
2025-09-20,Position without firm throughout.,DEBIT,186.69,7119.82
2025-09-20,Story letter smile in east oil hot movie.,CREDIT,355.82,7475.64
2025-09-20,Situation many adult design successful this.,CREDIT,327.37,7803.01
2025-09-20,Ok pattern many after.,CREDIT,69.91,7872.92
2025-09-20,Next result sign let.,CREDIT,499.09,8372.01
2025-09-20,Next above debate able year area positive.,CREDIT,277.56,8649.57
2025-09-20,Foreign decide everybody approach ten form.,CREDIT,426.44,9076.01
2025-09-20,Beautiful your including wife other key.,DEBIT,396.94,8679.07
2025-09-20,Candidate improve sing above along must may.,DEBIT,108.07,8571.0
2025-09-20,Study thank thus. Least accept line ever.,CREDIT,395.71,8966.71
2025-09-20,Range avoid guess business.,DEBIT,311.02,8655.69
2025-09-20,Computer eye return land.,DEBIT,7.39,8648.3
2025-09-20,Decide daughter dog cell moment seat.,DEBIT,355.59,8292.71
2025-09-20,Street position discover different.,CREDIT,76.39,8369.1
2025-09-20,Cover action man five eight call game social.,DEBIT,342.42,8026.68
2025-09-20,Bed college run pick general ahead according.,CREDIT,252.21,8278.89
2025-09-20,Current economic develop he their staff.,DEBIT,282.16,7996.73
2025-09-20,Group scene provide wind American.,CREDIT,41.84,8038.57
2025-09-20,Ago administration line material.,DEBIT,461.16,7577.41
2025-09-20,Right memory prevent system.,CREDIT,103.05,7680.46
2025-09-20,Bag with box appear.,CREDIT,379.44,8059.9
2025-09-20,Difficult father ever detail chance.,CREDIT,317.86,8377.76
2025-09-20,House old capital produce product owner.,CREDIT,350.32,8728.08
2025-09-20,Hard choose pressure.,CREDIT,493.89,9221.97
2025-09-20,When explain future tonight off behind gun let.,DEBIT,143.91,9078.06
2025-09-20,Letter rock measure speak war.,CREDIT,72.76,9150.82
2025-09-20,Management yes scene light whether set.,DEBIT,498.28,8652.54
2025-09-20,Behavior school soldier it.,CREDIT,293.1,8945.64
2025-09-20,Serve art serve unit sea speak physical state.,DEBIT,271.31,8674.33
2025-09-20,Or discuss Democrat bit improve between indeed.,DEBIT,269.43,8404.9
2025-09-20,Rise however quite another couple.,DEBIT,29.02,8375.88
2025-09-20,Him when son recent business full as.,DEBIT,454.91,7920.97
2025-09-20,Street sell special unit.,DEBIT,476.68,7444.29
2025-09-20,Read meet ahead environment when dog trade.,CREDIT,292.16,7736.45
