date,description,type,amount,balance
2025-09-20,Case up which.,DEBIT,293.13,4572.87
2025-09-20,Hotel floor animal tell whatever power less.,CREDIT,264.26,4837.13
2025-09-20,Performance offer hope.,DEBIT,161.62,4675.51
2025-09-20,Career go part direction fall.,CREDIT,87.58,4763.09
2025-09-20,Teacher commercial among address other court say.,CREDIT,161.21,4924.3
2025-09-20,Opportunity five threat really.,DEBIT,101.06,4823.24
2025-09-20,Per anyone goal success down. Issue whatever of.,DEBIT,67.78,4755.46
2025-09-20,Hotel pressure home however brother.,DEBIT,235.85,4519.61
2025-09-20,Defense method product officer land.,DEBIT,235.85,4283.76
2025-09-20,Smile skill administration participant beyond.,CREDIT,225.5,4509.26
2025-09-20,Employee use spring argue.,CREDIT,80.42,4589.68
2025-09-20,Serious enter data.,CREDIT,127.2,4716.88
2025-09-20,Past thousand white science task music thought.,DEBIT,356.06,4360.82
2025-09-20,Check figure policy possible partner.,DEBIT,432.42,3928.4
2025-09-20,Health open establish town agency writer cup.,DEBIT,382.38,3546.02
2025-09-20,Wind miss smile tax already.,CREDIT,1.45,3547.47
2025-09-20,Across media probably benefit.,DEBIT,166.4,3381.07
2025-09-20,Image since lose thousand sometimes.,DEBIT,272.69,3108.38
2025-09-20,Professor one forward number also value address.,CREDIT,210.95,3319.33
2025-09-20,Democrat idea if practice room matter such.,CREDIT,87.7,3407.03
2025-09-20,Item cup pass seek consider mention reveal.,CREDIT,210.63,3617.66
2025-09-20,Time wear against paper item decision democratic.,DEBIT,380.82,3236.84
2025-09-20,Room experience run contain likely night.,CREDIT,308.37,3545.21
2025-09-20,Represent among step build movement wind top.,DEBIT,466.41,3078.8
2025-09-20,Weight itself story itself office.,CREDIT,91.06,3169.86
2025-09-20,Make only weight stay upon wait.,DEBIT,253.42,2916.44
2025-09-20,Any fine save hear so.,DEBIT,281.82,2634.62
2025-09-20,Line capital official office. Among nation one.,DEBIT,212.96,2421.66
2025-09-20,But treat move behavior note method total.,CREDIT,399.8,2821.46
2025-09-20,Leave cold right money minute what.,DEBIT,155.03,2666.43
2025-09-20,Onto management wife fire stuff feeling.,CREDIT,180.85,2847.28
2025-09-20,Picture fine fact politics debate bed hard.,DEBIT,293.46,2553.82
2025-09-20,Develop as learn response wonder low man.,DEBIT,420.2,2133.62
2025-09-20,Leader station physical rise not food trouble.,DEBIT,181.33,1952.29
2025-09-20,Heavy certain wonder everybody present others.,DEBIT,216.67,1735.62
2025-09-20,Effect somebody a manage expect remain difficult.,DEBIT,470.44,1265.18
2025-09-20,Possible lead general customer.,DEBIT,244.71,1020.47
2025-09-20,Act who coach or experience public.,DEBIT,374.41,646.06
2025-09-20,Exactly coach race up.,CREDIT,75.41,721.47
2025-09-20,Charge late shake research candidate others baby.,CREDIT,213.69,935.16
2025-09-20,Most music identify present friend that.,DEBIT,479.33,455.83
2025-09-20,Seven care point anyone.,CREDIT,392.41,848.24
2025-09-20,Show newspaper writer person this wear view.,CREDIT,341.39,1189.63
