date,description,type,amount,balance
2025-09-20,One like edge continue perform anyone.,CREDIT,156.06,5227.06
2025-09-20,Mention front box.,CREDIT,486.96,5714.02
2025-09-20,Seek nation sit could wind.,DEBIT,13.08,5700.94
2025-09-20,You notice few.,CREDIT,370.29,6071.23
2025-09-20,Have entire or several actually.,DEBIT,325.33,5745.9
2025-09-20,Beautiful room huge firm. Until however firm.,DEBIT,408.15,5337.75
2025-09-20,Wife while drive court grow open.,DEBIT,273.87,5063.88
2025-09-20,On control make together experience.,DEBIT,298.65,4765.23
2025-09-20,Central whether sense without want.,CREDIT,293.21,5058.44
2025-09-20,Media miss now follow.,DEBIT,184.98,4873.46
2025-09-20,Really piece end value office return discussion.,CREDIT,350.99,5224.45
2025-09-20,Month building art memory somebody wonder.,CREDIT,118.37,5342.82
2025-09-20,Ask actually tax central.,CREDIT,103.38,5446.2
2025-09-20,Live police concern talk describe center.,DEBIT,252.5,5193.7
2025-09-20,Under son third return.,CREDIT,64.36,5258.06
2025-09-20,Space economic end argue.,DEBIT,493.52,4764.54
2025-09-20,Build shake small remember scientist simply.,DEBIT,89.24,4675.3
2025-09-20,Recent soon ready hear collection.,CREDIT,327.41,5002.71
2025-09-20,Agent later pay candidate.,DEBIT,134.8,4867.91
2025-09-20,Director likely most must. Boy enter send young.,DEBIT,138.94,4728.97
2025-09-20,Protect better fact card.,DEBIT,338.36,4390.61
2025-09-20,Organization situation bring agreement nation.,DEBIT,330.23,4060.38
2025-09-20,Mrs attorney assume what city ground.,CREDIT,308.81,4369.19
2025-09-20,Just hair write mind sit political together.,CREDIT,435.85,4805.04
2025-09-20,Test fish number everyone degree respond two.,DEBIT,4.85,4800.19
2025-09-20,Brother explain toward explain throughout.,DEBIT,165.83,4634.36
2025-09-20,Marriage deal billion form visit all.,CREDIT,159.83,4794.19
2025-09-20,Song cost opportunity approach.,DEBIT,207.97,4586.22
2025-09-20,Amount item resource clearly carry member accept.,CREDIT,483.62,5069.84
2025-09-20,Message its win attack.,DEBIT,234.08,4835.76
2025-09-20,Care until on mean last argue page.,CREDIT,418.32,5254.08
2025-09-20,Fish per star worry pick.,DEBIT,301.85,4952.23
2025-09-20,High clearly range center.,DEBIT,137.57,4814.66
2025-09-20,Major discussion paper ok parent.,CREDIT,192.11,5006.77
2025-09-20,Set me several will conference personal.,DEBIT,480.23,4526.54
2025-09-20,Example result collection while forget.,DEBIT,65.39,4461.15
2025-09-20,Likely off benefit wall.,CREDIT,412.94,4874.09
2025-09-20,Will wall reduce health.,DEBIT,229.84,4644.25
2025-09-20,Public green heart skill necessary coach.,CREDIT,165.72,4809.97
2025-09-20,Just thank plan attention recognize show.,DEBIT,91.64,4718.33
