date,description,type,amount,balance
2025-09-20,Window possible look door.,CREDIT,481.95,7833.95
2025-09-20,Head less ago benefit recent answer who because.,CREDIT,417.33,8251.28
2025-09-20,Here alone director story brother family.,CREDIT,346.88,8598.16
2025-09-20,Break such citizen involve lot begin.,DEBIT,360.58,8237.58
2025-09-20,Quickly hospital they cell character.,DEBIT,36.07,8201.51
2025-09-20,Myself police process walk seem fish.,CREDIT,209.61,8411.12
2025-09-20,Certain eat finally movie. Hope even ok space.,CREDIT,443.74,8854.86
2025-09-20,Role her wish Congress along.,DEBIT,72.29,8782.57
2025-09-20,With hour church behavior service.,CREDIT,24.07,8806.64
2025-09-20,Knowledge cultural senior stop.,DEBIT,250.24,8556.4
2025-09-20,Three thus piece late for clear.,DEBIT,102.46,8453.94
2025-09-20,Soldier relationship audience foreign.,DEBIT,121.5,8332.44
2025-09-20,Only campaign sound continue it throw.,CREDIT,137.86,8470.3
2025-09-20,Some deep before better his space administration.,CREDIT,162.34,8632.64
2025-09-20,Stage someone oil yourself water.,DEBIT,338.37,8294.27
2025-09-20,Daughter during because manager.,CREDIT,457.93,8752.2
2025-09-20,Against teach run.,DEBIT,59.89,8692.31
2025-09-20,Participant civil research. Pick president up be.,CREDIT,75.68,8767.99
2025-09-20,Various care church difficult.,DEBIT,404.67,8363.32
2025-09-20,Suggest shoulder growth eight old.,CREDIT,251.78,8615.1
2025-09-20,Evening bag onto movement spend your.,CREDIT,115.04,8730.14
2025-09-20,Family thousand people task eight under my.,CREDIT,387.08,9117.22
2025-09-20,Serve step worry from.,DEBIT,163.9,8953.32
2025-09-20,Fact apply community second.,CREDIT,254.3,9207.62
2025-09-20,Science television interesting many late.,CREDIT,324.81,9532.43
2025-09-20,Some live side if attention organization whether.,CREDIT,482.59,10015.02
2025-09-20,Just conference fall point within role.,DEBIT,106.4,9908.62
2025-09-20,Short fast product space.,DEBIT,336.34,9572.28
2025-09-20,Think tonight poor follow address.,CREDIT,64.13,9636.41
2025-09-20,City age model eat continue.,CREDIT,115.13,9751.54
2025-09-20,Anyone law issue challenge stand middle vote.,CREDIT,242.54,9994.08
